0.396465
0.840485
0.353336
0.446583
0.318693
0.886428
0.015583
0.584090
0.159369
0.383716
0.691004
0.058859
0.899854
0.163546
0.159072
0.533065
0.604144
0.582699
0.269971
0.390478
0.293401
0.742377
0.298526
0.075538
0.404983
0.857378
0.941968
0.662831
0.846476
0.002755
0.462379
0.532596
0.787877
0.265612
0.982752
0.306785
0.600855
0.608716
0.212439
0.885895
0.304657
0.151860
0.337662
0.387477
0.643610
0.753553
0.603616
0.531628
0.459360
0.652488
0.327181
0.946370
0.368040
0.943890
0.007428
0.516600
0.272771
0.024299
0.591955
0.204964
0.877693
0.059369
0.260843
0.302829
0.891495
0.498198
0.710026
0.286414
0.864924
0.675541
0.458490
0.959636
0.774675
0.376551
0.228639
0.354534
0.300318
0.669766
0.718967
0.565955
0.824465
0.390612
0.818766
0.844008
0.180468
0.943396
0.424887
0.520666
0.065644
0.913508
0.882585
0.761364
0.398923
0.688257
0.761548
0.405009
0.125251
0.484634
0.222463
0.873121
0.528822
0.001414
0.860514
0.018697
0.814892
0.242884
0.314572
0.965733
0.935560
0.809432
0.492109
0.220136
0.576354
0.289029
0.321067
0.261323
0.173988
0.001817
0.044784
0.241175
0.415451
0.701625
0.221846
0.503910
0.067030
0.393063
0.479477
0.218142
0.219511
0.916203
0.350222
0.192694
0.211235
0.633682
0.053565
0.783411
0.030674
0.444097
0.176413
0.932180
0.909648
0.472845
0.871695
0.695567
0.930190
0.455091
0.398567
0.893304
0.693547
0.838734
0.739699
0.651270
0.678154
0.577212
0.273118
0.935388
0.661939
0.047413
0.373038
0.618195
0.148628
0.377306
0.644591
0.025688
0.841381
0.077019
0.742634
0.255986
0.901844
0.377648
0.319530
0.211435
0.648532
0.251315
0.228644
0.250922
0.943221
0.136715
0.270061
0.548707
0.324021
0.865080
0.296703
0.680059
0.833147
0.876308
0.649665
0.073115
0.898547
0.253581
0.611319
0.841890
0.832019
0.372587
0.757048
0.109215
0.850812
0.559329
0.857580
0.343097
0.691770
0.345197
0.893585
0.958708
0.121735
0.981544
0.055025
0.614776
0.038127
0.376473
0.525605
0.281924
0.560538
0.607243
0.816440
0.446535
0.027112
0.471854
0.284898
0.292724
0.195680
0.017579
0.829599
0.573165
0.104781
0.732976
0.119098
0.223888
0.947253
0.739052
0.821357
0.826132
0.250980
0.256496
0.338193
0.388222
0.527318
0.266409
0.401221
0.870895
0.045892
0.294574
0.394247
0.560002
0.310821
0.822577
0.475481
0.091144
0.262401
0.917044
0.978436
0.332093
0.902074
0.240635
0.373164
0.752286
0.457827
0.900628
0.422895
0.565923
0.970462
0.353871
0.431507
0.179091
0.215319
0.337177
0.454368
0.044726
0.683882
0.062149
0.551375
0.316171
0.268218
0.500766
0.062537
0.964827
0.729576
0.806316
0.151974
0.705018
0.729957
0.842566
0.617929
0.955448
0.479388
0.527085
0.029387
0.607612
0.047569
0.592770
0.402647
0.904394
0.330131
0.310837
0.854945
0.734150
0.098627
0.340459
0.401739
0.985167
0.629595
0.831962
0.437120
0.791227
0.059462
0.135135
0.543824
0.930452
0.884899
0.389895
0.414558
0.856863
0.286759
0.107757
0.576676
0.777602
0.142251
0.808677
0.748094
0.410025
0.475116
0.344460
0.416799
0.023648
0.525811
0.717892
0.236023
0.694865
0.779951
0.762750
0.121563
0.370518
0.928251
0.766006
0.289580
0.983661
0.428107
0.037813
0.598326
0.015596
0.756724
0.130679
0.374567
0.217496
0.577797
0.205663
0.787021
0.748369
0.455336
0.285268
0.850220
0.450008
0.835012
0.430246
0.330996
0.950872
0.248873
0.356794
0.417871
0.497053
0.885293
0.563165
0.685500
0.967759
0.182369
0.567805
0.029665
0.203962
0.157765
0.547594
0.203991
0.211287
0.067294
0.193097
0.901522
0.782049
0.302590
0.422008
0.989525
0.797121
0.387472
0.181940
0.224731
0.737383
0.533507
0.664736
0.201831
0.468824
0.566497
0.097464
0.277024
0.017312
0.563884
0.886940
0.070190
0.062021
0.253307
0.307065
0.896640
0.134073
0.947710
0.429455
0.078126
0.783667
0.443670
0.421182
0.701886
0.189821
0.126220
0.248059
0.657928
0.137505
0.322776
0.822514
0.013841
0.923707
0.376353
0.582069
0.261373
0.413709
0.687697
0.753721
0.171328
0.129204
0.158990
0.292758
0.857593
0.278877
0.688424
0.838890
0.814977
0.048614
0.072942
0.430979
0.749826
0.151954
0.412267
0.102516
0.761123
0.641786
0.734910
0.547414
0.099882
0.732324
0.528830
0.519475
0.286500
0.947320
0.426137
0.494295
0.702475
0.258223
0.811368
0.880436
0.001128
0.107099
0.273252
0.983986
0.361123
0.816799
0.855262
0.289413
0.999486
0.008759
0.063785
0.967694
0.683162
0.301556
0.725423
0.923585
0.649014
0.915768
0.536122
0.976677
0.233476
0.418559
0.581879
0.780298
0.200170
0.901052
0.129137
0.928666
0.764864
0.479741
0.556377
0.012088
0.383736
0.377665
0.728552
0.543807
0.677556
0.589766
0.282764
0.107827
0.298733
0.528771
0.905013
0.437309
0.951172
0.232344
0.519998
0.616537
0.188277
0.979256
0.503197
0.160059
0.539533
0.192562
0.249064
0.330188
0.150881
0.622583
0.211723
0.943823
0.622012
0.213676
0.473675
0.842723
0.441184
0.119022
0.920418
0.674266
0.164721
0.780024
0.709523
0.184820
0.776733
0.215191
0.254506
0.662861
0.960615
0.942083
0.808005
0.797347
0.986451
0.699889
0.664521
0.117867
0.689696
0.155395
0.327687
0.451219
0.411565
0.507467
0.846274
0.824898
0.568791
0.691978
0.140441
0.847326
0.701252
0.207550
0.066953
0.439221
0.844976
0.301014
0.339061
0.537427
0.032927
0.878691
0.181444
0.964765
0.727520
0.445014
0.799276
0.495390
0.331074
0.153593
0.737218
0.448911
0.350289
0.618333
0.941504
0.137884
0.758674
0.044803
0.586638
0.657517
0.009904
0.966803
0.336267
0.844593
0.611781
0.012352
0.852300
0.511202
0.234461
0.670445
0.802138
0.060274
0.760440
0.618569
0.924027
0.361776
0.203505
0.325599
0.556151
0.874418
0.948130
0.030367
0.405383
0.766816
0.661961
0.868516
0.794053
0.569046
0.587080
0.575568
0.573114
0.280716
0.749100
0.419331
0.801361
0.001114
0.168272
0.537376
0.964634
0.922168
0.098130
0.793530
0.326097
0.843240
0.042622
0.379912
0.166723
0.400849
0.152887
0.327416
0.480203
0.644941
0.123787
0.637737
0.742842
0.890233
0.895116
0.094762
0.879013
0.396302
0.013252
0.773602
0.506976
0.118753
0.079173
0.553739
0.076790
0.776958
0.154755
0.411190
0.028689
0.818182
0.630572
0.156373
0.611236
0.555519
0.887865
0.483415
0.337057
0.115914
0.080570
0.477215
0.130999
0.668024
0.689416
0.001860
0.280439
0.286966
0.781115
0.973539
0.147590
0.348749
0.466720
0.349256
0.894516
0.391834
0.172739
0.576338
0.926752
0.312669
0.497947
0.224416
0.432815
0.717982
0.562607
0.929520
0.914212
0.396091
0.502711
0.627847
0.421923
0.615550
0.710707
0.244126
0.876882
0.250477
0.369880
0.566283
0.217864
0.271997
0.019268
0.415080
0.632939
0.654157
0.269817
0.475689
0.060628
0.205744
0.273791
0.259858
0.842878
0.757662
0.234694
0.714819
0.550568
0.775468
0.693666
0.481654
0.838478
0.110598
0.803228
0.865183
0.803430
0.799570
0.516156
0.234027
0.877791
0.631462
0.995121
0.988361
0.280004
0.459426
0.459604
0.969674
0.531614
0.776546
0.705702
0.437826
0.431918
0.020383
0.190044
0.592893
0.130567
0.040034
0.592684
0.300050
0.856824
0.546083
0.349950
0.803461
0.331749
0.574624
0.664677
0.048388
0.614279
0.704508
0.798706
0.919066
0.900113
0.160498
0.075013
0.533332
0.717828
0.968303
0.461421
0.394094
0.742052
0.970176
0.074664
0.003969
0.589347
0.997209
0.586054
0.714503
0.077351
0.577772
0.684452
0.458052
0.438435
0.757113
0.268373
0.341643
0.390500
0.443388
0.409461
0.251855
0.112673
0.978020
0.820092
0.902341
0.463562
0.666881
0.237508
0.566043
0.953803
0.882386
0.927616
0.878197
0.360088
0.149935
0.238711
0.020065
0.590406
0.725585
0.577121
0.633969
0.703291
0.431371
0.314658
0.455114
0.399408
0.581885
0.406285
0.743083
0.971498
0.367835
0.033346
0.664506
0.576755
0.982178
0.483788
0.217734
0.820093
0.520502
0.030053
0.640343
0.371842
0.463787
0.514803
0.431669
0.631497
0.578140
0.154435
0.726635
0.060821
0.828036
0.123973
0.235709
0.593408
0.397863
0.400651
0.921588
0.660621
0.917874
0.176973
0.009183
0.610359
0.277141
0.669975
0.455543
0.218579
0.025687
0.067579
0.164903
0.264842
0.884078
0.584299
0.686116
0.751784
0.620533
0.519206
0.930932
0.861573
0.867738
0.894160
0.298352
0.555788
0.944409
0.728229
0.069346
0.312138
0.546245
0.506315
0.775256
0.654062
0.168717
0.610952
0.560339
0.247143
0.227617
0.793650
0.112856
0.617613
0.224993
0.506919
0.179430
0.279107
0.656781
0.644081
0.793987
0.848401
0.128037
0.938332
0.326204
0.781735
0.801920
0.655375
0.106279
0.690743
0.594944
0.928650
0.424934
0.899825
0.694314
0.989192
0.992361
0.411612
0.030129
0.943027
0.710585
0.758975
0.318025
0.660410
0.754092
0.173774
0.494306
0.729068
0.238123
0.005347
0.609284
0.456686
0.097674
0.614943
0.104462
0.208434
0.508720
0.873166
0.470136
0.258443
0.202764
0.541660
0.422241
0.098161
0.193340
0.951244
0.326915
0.260888
0.726285
0.548345
0.779732
0.125142
0.052387
0.699704
0.171297
0.487379
0.910375
0.079989
0.164529
0.538009
0.299481
0.554226
0.210203
0.027399
0.253996
0.571208
0.240009
0.117743
0.338105
0.147487
0.220519
0.632595
0.528987
0.814882
0.312149
0.041664
0.011782
0.776149
0.455588
0.660762
0.273892
0.640369
0.570786
0.765012
0.251597
0.746583
0.482660
0.870398
0.282683
0.314292
0.731087
0.550148
0.279303
0.643675
0.643953
0.237334
0.020548
0.816145
0.280093
0.395495
0.329903
0.884452
0.928713
0.790200
0.345172
0.286481
0.893544
0.894628
0.194525
0.141865
0.919624
0.442896
0.389521
0.497198
0.229824
0.990528
0.752562
0.353989
0.134171
0.939943
0.970885
0.151455
0.230671
0.680794
0.061468
0.069999
0.520005
0.324538
0.431015
0.184992
0.262439
0.476724
0.503265
0.826685
0.083110
0.789324
0.383444
0.011152
0.917027
0.822457
0.948730
0.097894
0.628528
0.376342
0.446640
0.828647
0.058200
0.739954
0.893387
0.114171
0.375656
0.755318
0.675430
0.694141
0.746879
0.681422
0.043860
0.511001
0.773553
0.228391
0.068160
0.050941
0.008081
0.942853
0.888794
0.331443
0.186491
0.184566
0.223349
0.800637
0.012523
0.020645
0.375463
0.382570
0.245888
0.458656
0.947150
0.806270
0.137537
0.977896
0.931357
0.325030
0.572051
0.437131
0.371695
0.923597
0.544773
0.227718
0.719454
0.161151
0.257582
0.297267
0.934453
0.271332
0.366259
0.138049
0.196541
0.979411
0.974074
0.466172
0.390032
0.471682
0.325781
0.515710
0.755857
0.911733
0.814646
0.242712
0.878354
0.019317
0.639087
0.337058
0.478516
0.264930
0.017157
0.538055
0.956986
0.769874
0.334333
0.058398
0.792559
0.698774
0.526352
0.859498
0.420371
0.778388
0.713236
0.461375
0.144161
0.140528
0.947970
0.987438
0.675065
0.363519
0.533791
0.266908
0.622431
0.849438
0.823783
0.276793
0.417574
0.325234
0.636988
0.685779
0.847397
0.674538
0.313796
0.151864
0.370201
0.701581
0.162825
0.664818
0.330211
0.085279
0.310275
0.157599
0.870338
0.314472
0.205008
0.834709
0.945227
0.996847
0.728041
0.880385
0.179936
0.624889
0.739099
0.068730
0.115567
0.760698
0.216406
0.157966
0.484427
0.094685
0.925439
0.121345
0.806916
0.945699
0.820376
0.260756
0.684142
0.335163
0.436068
0.031363
0.448733
0.696412
0.182209
0.145792
0.246335
0.811875
0.283932
0.846460
0.457696
0.522419
0.719168
0.459726
0.582194
0.770587
0.743032
0.754181
0.125142
0.346252
0.839238
0.698742
0.640762
0.351110
0.339772
0.889092
0.248416
0.517341
0.663857
0.820956
0.670490
0.563723
0.568616
0.926607
0.035442
0.285545
0.915157
0.650800
0.389162
0.917146
0.939249
0.071047
0.492534
0.920218
0.594927
0.615103
0.124244
0.007545
0.197825
0.198834
0.717318
0.259373
0.833520
0.707011
0.838244
0.304813
0.081436
0.727281
0.261868
0.978408
0.819135
0.086592
0.337431
0.705364
0.762835
0.245273
0.005516
0.278994
0.031365
0.395921
0.377350
0.159937
0.221524
0.064177
0.782496
0.016091
0.097661
0.691614
0.824811
0.830442
0.137663
0.625676
0.346481
0.504696
0.467318
0.879261
0.513602
0.781583
0.546881
0.137762
0.122233
0.377831
0.754815
0.671870
0.939940
0.171064
0.416898
0.900954
0.594014
0.903371
0.042831
0.388396
0.483739
0.266397
0.510982
0.533889
0.111065
0.109738
0.654974
0.358617
0.413047
0.386849
0.388618
0.710727
0.352349
0.919090
0.909232
0.307080
0.531533
0.045840
0.160360
0.082412
0.685974
0.241524
0.145405
0.851511
0.962724
0.152090
0.661678
0.769633
0.183062
0.644961
0.883226
0.170043
0.229707
0.117079
0.039759
0.187393
0.101539
0.782731
0.312618
0.966816
0.485300
0.111899
0.357502
0.989440
0.242222
0.234549
0.443519
0.096936
0.475254
0.518324
0.710618
0.605362
0.697729
0.796414
0.149914
0.599481
0.575820
0.826934
0.526551
0.183970
0.164180
0.541138
0.031209
0.431182
0.037055
0.849396
0.168056
0.753677
0.166290
0.163555
0.483791
0.893629
0.384541
0.132497
0.699619
0.063889
0.258403
0.223123
0.626611
0.603241
0.784721
0.888301
0.691511
0.880996
0.507139
0.901500
0.756845
0.865998
0.062841
0.587784
0.234104
0.478380
0.335778
0.803806
0.825159
0.487840
0.977548
0.604594
0.914195
0.681908
0.116160
0.149685
0.014844
0.376837
0.302446
0.941054
0.365428
0.110732
0.730761
0.423878
0.885054
0.774692
0.242498
0.120312
0.146509
0.187743
0.695826
0.185948
0.695610
0.592824
0.721895
0.786526
0.123747
0.084887
0.335805
0.274876
0.469307
0.122231
0.120116
0.419264
0.238588
0.015603
0.930028
0.086695
0.067389
0.336511
0.104131
0.838754
0.526112
0.189957
0.714460
0.951885
0.054838
0.113900
0.307282
0.855447
0.517120
0.307636
0.114543
0.894213
0.414339
0.966833
0.739143
0.500282
0.704240
0.679764
0.609549
0.213772
0.231277
0.286525
0.975708
0.761384
0.581609
0.942589
0.184527
0.404398
0.316818
0.685227
0.375546
0.648356
0.878048
0.854412
0.412839
0.889240
0.362143
0.750295
0.795089
0.707152
0.995217
0.851668
0.830459
0.938193
0.624103
0.411863
0.535025
0.816468
0.335112
0.880946
0.412599
0.916966
0.331033
0.169895
0.539804
0.210890
0.155372
0.520741
0.643917
0.710011
0.967223
0.626556
0.193529
0.196521
0.826192
0.560108
0.885455
0.758122
0.345493
0.126312
0.408090
0.951567
0.879264
0.010913
0.484620
0.656417
0.909538
0.818850
0.083138
0.137393
0.037002
0.996234
0.348961
0.669548
0.021229
0.128846
0.432577
0.784782
0.489416
0.079501
0.510118
0.838364
0.082731
0.441840
0.118505
0.065676
0.046360
0.377318
0.541271
0.575871
0.219303
0.796865
0.611107
0.112396
0.434460
0.233444
0.559555
0.780257
0.905878
0.514240
0.701769
0.004387
0.930892
0.322275
0.944334
0.528828
0.358973
0.980823
0.636726
0.406756
0.730296
0.797180
0.832895
0.359125
0.735232
0.265244
0.909858
0.115407
0.926426
0.502439
0.917013
0.992108
0.178849
0.842090
0.355769
0.940308
0.756778
0.327019
0.057037
0.107183
0.542395
0.466690
0.818085
0.941459
0.806258
0.494320
0.754533
0.439963
0.168989
0.161101
0.332944
0.021372
0.195081
0.954040
0.580200
0.041070
0.468526
0.347093
0.463940
0.273380
0.386417
0.070653
0.240671
0.007882
0.146632
0.393382
0.152311
0.286865
0.140919
0.487556
0.086010
0.381037
0.852243
0.232038
0.204982
0.818486
0.318117
0.386774
0.509080
0.183621
0.698187
0.242961
0.333066
0.852751
0.678756
0.361157
0.868674
0.773374
0.578872
0.305494
0.474753
0.095800
0.577519
0.769353
0.280169
0.776844
0.460157
0.772708
0.989047
0.372993
0.452169
0.753388
0.860663
0.879347
0.848710
0.136566
0.190589
0.233934
0.312990
0.064514
0.789940
0.655679
0.461645
0.321138
0.610851
0.307805
0.015533
0.465066
0.854300
0.443940
0.711939
0.866225
0.317278
0.597395
0.959990
0.752366
0.977179
0.988459
0.001107
0.745196
0.599485
0.951967
0.002158
0.385297
0.608665
0.207668
0.967872
0.198536
0.340423
0.417111
0.783764
0.284998
0.745424
0.978939
0.779990
0.758562
0.430438
0.023995
0.394067
0.628189
0.783217
0.274756
0.276165
0.590925
0.653462
0.850937
0.259976
0.354942
0.366099
0.333248
0.265937
0.385014
0.577106
0.866945
0.428534
0.672331
0.889553
0.800955
0.577663
0.288014
0.112210
0.149949
0.953462
0.051153
0.339239
0.946891
0.508189
0.796368
0.572446
0.561626
0.926578
0.085037
0.702687
0.114283
0.172532
0.093550
0.260863
0.856285
0.805236
0.109536
0.278187
0.550054
0.877864
0.054528
0.837795
0.503018
0.078535
0.663403
0.823282
0.631968
0.053339
0.024969
0.983351
0.208321
0.987923
0.715040
0.634701
0.299500
0.455746
0.527196
0.157736
0.240662
0.971881
0.074205
0.332218
0.186876
0.340729
0.245114
0.583949
0.178972
0.739769
0.562366
0.330845
0.555352
0.040267
0.996736
0.929933
0.633804
0.396470
0.324669
0.728922
0.626707
0.919358
0.915655
0.551057
0.822885
0.837380
0.132306
0.614099
0.331021
0.998305
0.731769
0.568831
0.622088
0.712318
0.646139
0.594847
0.799235
0.621739
0.866719
0.508054
0.858315
0.617355
0.390753
0.702068
0.154579
0.431493
0.040988
0.692139
0.162563
0.815113
0.622688
0.673522
0.286880
0.557660
0.227282
0.105128
0.659461
0.706957
0.367413
0.033220
0.329851
0.380657
0.078754
0.968985
0.133792
0.484601
0.646684
0.308574
0.503888
0.436821
0.410851
0.855993
0.085052
0.873996
0.321241
0.190041
0.835501
0.041070
0.921988
0.758673
0.257850
0.650990
0.033364
0.431121
0.019402
0.982358
0.100952
0.173397
0.818942
0.656059
0.449650
0.811025
0.350410
0.211158
0.187899
0.918918
0.340979
0.364558
0.376422
0.537957
0.219706
0.782902
0.130975
0.107328
0.148526
0.679263
0.348502
0.057899
0.143608
0.447324
0.712073
0.412496
0.383696
0.503583
0.976670
0.351921
0.672922
0.180831
0.402894
0.539824
0.356730
0.826674
0.679930
0.454488
0.817054
0.647548
0.056460
0.591195
0.361121
0.505789
0.425781
0.105862
0.809445
0.044376
0.239398
0.840293
0.153380
0.666552
0.755018
0.163638
0.139543
0.036406
0.866780
0.285980
0.724320
0.658436
0.677153
0.641613
0.781387
0.521227
0.813967
0.235251
0.821710
0.800584
0.988359
0.018585
0.460017
0.774182
0.348899
0.082277
0.923435
0.732224
0.185931
0.765365
0.614326
0.121309
0.553416
0.396379
0.005803
0.042248
0.431546
0.875189
0.438564
0.662719
0.383683
0.409283
0.503379
0.994168
0.950213
0.550864
0.014630
0.726369
0.657451
0.000812
0.314750
0.585480
0.842595
0.101441
0.083388
0.670662
0.049874
0.322210
0.572894
0.884589
0.535463
0.531819
0.445640
0.374047
0.129749
0.267566
0.169291
0.573788
0.998366
0.270636
0.332029
0.250760
0.574524
0.106369
0.697734
0.893392
0.414179
0.974951
0.335998
0.914069
0.965118
0.723998
0.566738
0.729978
0.206983
0.374636
0.665114
0.671875
0.980502
0.081989
0.518766
0.420778
0.202840
0.675066
0.533390
0.884235
0.387246
0.706223
0.689948
0.956639
0.227307
0.123607
0.490921
0.838358
0.950620
0.238700
0.645765
0.657543
0.628151
0.963565
0.367002
0.203847
0.281584
0.347378
0.536140
0.067552
0.052477
0.148665
0.289040
0.319444
0.677906
0.578562
0.627688
0.770134
0.304641
0.871815
0.931956
0.532240
0.217884
0.057651
0.991319
0.060176
0.264558
0.173806
0.751403
0.561329
0.721546
0.296566
0.050206
0.925604
0.655628
0.640756
0.459007
0.390062
0.706940
0.749977
0.026106
0.589363
0.917333
0.473553
0.408977
0.504578
0.138043
0.177499
0.061272
0.941630
0.559581
0.018174
0.882801
0.390979
0.586037
0.315297
0.938747
0.552469
0.154254
0.182708
0.482396
0.079528
0.407107
0.838087
0.875516
0.596749
0.553925
0.035044
0.971946
0.181438
0.677668
0.101313
0.821085
0.946000
0.018597
0.274628
0.944803
0.302333
0.921817
0.693319
0.058236
0.885964
0.678307
0.202333
0.634204
0.936158
0.116031
0.398610
0.673269
0.403974
0.162850
0.274415
0.035202
0.944314
0.062588
0.775861
0.639776
0.756885
0.289358
0.319687
0.260069
0.507006
0.985839
0.188085
0.842994
0.078126
0.414361
0.023451
0.710590
0.997274
0.124464
0.787464
0.361070
0.111553
0.428985
0.337407
0.218020
0.572907
0.167985
0.653564
0.715040
0.770136
0.404276
0.061657
0.775145
0.407416
0.617284
0.011273
0.601125
0.109104
0.578219
0.963100
0.864724
0.388449
0.536583
0.213523
0.826903
0.476028
0.716810
0.443902
0.674770
0.800550
0.708231
0.963940
0.787238
0.054438
0.878659
0.954440
0.683478
0.978837
0.901921
0.075829
0.836287
0.752890
0.265867
0.056960
0.195251
0.171209
0.826318
0.916459
0.338720
0.408037
0.153532
0.289428
0.414164
0.878854
0.343853
0.569386
0.016255
0.568080
0.856046
0.753419
0.552329
0.758369
0.698324
0.662607
0.444904
0.702095
0.310404
0.655556
0.288006
0.763487
0.830169
0.756608
0.203797
0.541073
0.135077
0.868960
0.611958
0.580394
0.335726
0.163927
0.228233
0.398119
0.957585
0.949289
0.730396
0.567866
0.264464
0.080626
0.377621
0.738101
0.394691
0.939395
0.229030
0.351886
0.742144
0.950127
0.093192
0.971149
0.316241
0.727271
0.145091
0.944187
0.358045
0.051120
0.290931
0.429744
0.926982
0.683885
0.942854
0.755087
0.360841
0.403832
0.311876
0.755759
0.760252
0.800655
0.643045
0.153256
0.970409
0.222703
0.834981
0.471632
0.893276
0.570736
0.517668
0.288489
0.531804
0.308569
0.146976
0.338997
0.565853
0.413964
0.829165
0.738327
0.812810
0.969744
0.059180
0.218407
0.912549
0.532184
0.066454
0.165310
0.477943
0.288911
0.062956
0.535413
0.703084
0.699903
0.010268
0.578887
0.659466
0.811554
0.023540
0.131108
0.826411
0.644570
0.746361
0.984496
0.589926
0.021672
0.826206
0.229338
0.751071
0.351499
0.437527
0.172029
0.460916
0.291822
0.909238
0.488137
0.347703
0.840316
0.263995
0.146892
0.029202
0.347071
0.544964
0.619567
0.269193
0.703016
0.446682
0.239094
0.004078
0.666226
0.063076
0.859945
0.549730
0.968109
0.678867
0.239260
0.918719
0.658760
0.949759
0.651604
0.206140
0.661006
0.609294
0.005222
0.013526
0.902113
0.901620
0.257624
0.403160
0.767693
0.243279
0.858776
0.640892
0.201633
0.465196
0.672624
0.178911
0.176943
0.258335
0.749464
0.838519
0.744156
0.850811
0.115527
0.817625
0.575679
0.266931
0.600679
0.012336
0.156314
0.873824
0.594307
0.703776
0.202816
0.001383
0.473134
0.120321
0.849905
0.746800
0.518108
0.895053
0.828783
0.244530
0.181727
0.354897
0.639236
0.622902
0.098702
0.711232
0.321110
0.084706
0.784026
0.084337
0.249114
0.373826
0.331103
0.351759
0.680891
0.734671
0.922106
0.732521
0.997208
0.074820
0.672280
0.926994
0.490559
0.721526
0.344182
0.351589
0.630785
0.064886
0.147235
0.316334
0.300365
0.728297
0.058457
0.873486
0.025393
0.251970
0.503328
0.951035
0.599097
0.747729
0.478844
0.414084
0.211799
0.540998
0.206588
0.960355
0.663984
0.494987
0.610676
0.547524
0.987587
0.876843
0.527836
0.116725
0.765407
0.218315
0.794266
0.168585
0.191066
0.414828
0.701805
0.668955
0.913946
0.145380
0.775143
0.417380
0.567708
0.758134
0.159049
0.462086
0.580461
0.807859
0.902021
0.153324
0.043092
0.034470
0.128272
0.708274
0.594311
0.398004
0.067031
0.634311
0.131415
0.823641
0.485823
0.395206
0.730484
0.128277
0.597480
0.382188
0.154864
0.593152
0.589439
0.596836
0.333325
0.288789
0.684363
0.697095
0.926742
0.350725
0.974946
0.885827
0.692720
0.327161
0.090104
0.920917
0.559968
0.680655
0.217436
0.637870
0.787989
0.811552
0.816455
0.344043
0.102671
0.195132
0.962593
0.265161
0.445426
0.579983
0.133216
0.599825
0.773839
0.702228
0.119144
0.319612
0.917324
0.727733
0.869428
0.497569
0.674543
0.068943
0.470049
0.965940
0.383494
0.339435
0.150900
0.507597
0.984057
0.840769
0.507870
0.540625
0.900701
0.033665
0.831413
0.530845
0.815206
0.168438
0.128875
0.784755
0.881100
0.455188
0.709687
0.160683
0.099585
0.488070
0.930787
0.867155
0.267668
0.823646
0.250133
0.376064
0.100827
0.702662
0.250666
0.498696
0.192802
0.527368
0.932693
0.492818
0.412869
0.320893
0.752299
0.279569
0.055660
0.537123
0.545500
0.243853
0.590249
0.123459
0.326551
0.918335
0.634477
0.106999
0.703845
0.059206
0.878687
0.447666
0.303476
0.114891
0.062022
0.828235
0.629898
0.973358
0.866819
0.107773
0.491612
0.709083
0.235513
0.606725
0.759873
0.099891
0.263674
0.301575
0.357723
0.162482
0.506722
0.546021
0.058790
0.282541
0.421580
0.592981
0.739343
0.562946
0.303662
0.035075
0.017712
0.356862
0.670419
0.205841
0.842845
0.119884
0.672188
0.563567
0.184329
0.438211
0.006746
0.416051
0.921350
0.552718
0.593954
0.917559
0.734969
0.789396
0.190032
0.786951
0.949648
0.865868
0.336658
0.444365
0.034600
0.115331
0.838351
0.357304
0.817402
0.750636
0.023085
0.017866
0.351118
0.582204
0.687111
0.661645
0.047249
0.257708
0.067454
0.184183
0.891180
0.465119
0.776991
0.639554
0.811032
0.443538
0.120678
0.722466
0.107082
0.090878
0.970986
0.073407
0.065238
0.409723
0.690587
0.516707
0.787650
0.661487
0.865564
0.183415
0.955807
0.526538
0.658836
0.201870
0.790840
0.619201
0.857170
0.404283
0.252860
0.660104
0.503102
0.521249
0.401721
0.445342
0.852900
0.169557
0.467453
0.907272
0.151379
0.711859
0.206739
0.172824
0.872910
0.737766
0.475362
0.683076
0.044560
0.520804
0.063639
0.436282
0.582211
0.708682
0.926968
0.002728
0.164175
0.647932
0.216151
0.583861
0.610749
0.898566
0.457674
0.453408
0.494073
0.508727
0.853511
0.231217
0.373244
0.670015
0.729903
0.660697
0.627979
0.216283
0.447137
0.650922
0.984008
0.645014
0.635559
0.020314
0.009297
0.592316
0.010221
0.559453
0.777062
0.969082
0.566937
0.087879
0.595177
0.834568
0.020773
0.189123
0.888084
0.939903
0.524422
0.297770
0.573781
0.191589
0.124581
0.013754
0.332342
0.865558
0.970935
0.616673
0.131850
0.625754
0.891801
0.134597
0.021481
0.475544
0.765895
0.328285
0.169090
0.981525
0.839386
0.126938
0.202116
0.071965
0.215620
0.392679
0.286551
0.618327
0.651242
0.098042
0.870477
0.878810
0.262388
0.727149
0.338096
0.816058
0.029018
0.813510
0.819839
0.724012
0.101029
0.314956
0.327215
0.516136
0.888653
0.011836
0.111332
0.271949
0.059738
0.264191
0.455856
0.122098
0.681257
0.445891
0.923707
0.513339
0.410905
0.811042
0.687604
0.151173
0.461668
0.765250
0.933943
0.114967
0.888131
0.790089
0.274471
0.501875
0.953964
0.084746
0.608132
0.533463
0.077175
0.278801
0.314686
0.982540
0.270477
0.972289
0.040850
0.505330
0.521435
0.964248
0.558343
0.531867
0.129281
0.632975
0.271261
0.639699
0.336687
0.277096
0.358368
0.254913
0.384914
0.266695
0.325509
0.360796
0.365118
0.491283
0.876231
0.996608
0.438011
0.932864
0.587469
0.373840
0.415344
0.797340
0.394971
0.679765
0.621796
0.768646
0.483728
0.161142
0.932894
0.823144
0.866505
0.045654
0.976833
0.075949
0.883716
0.754377
0.524802
0.197952
0.625878
0.752642
0.920174
0.617668
0.062171
0.174570
0.122258
0.533906
0.542021
0.011983
0.191008
0.445125
0.548685
0.483037
0.206885
0.633740
0.742730
0.069762
0.112157
0.716311
0.697852
0.344576
0.449073
0.824263
0.451014
0.880117
0.645227
0.258517
0.353595
0.368428
0.310873
0.062257
0.400611
0.257229
0.936956
0.079107
0.552504
0.263061
0.651346
0.862743
0.760403
0.642247
0.055272
0.634654
0.813609
0.017562
0.138818
0.159146
0.490592
0.376135
0.395815
0.431341
0.195744
0.905464
0.322378
0.920700
0.577947
0.030632
0.803128
0.448478
0.968735
0.096046
0.544051
0.724522
0.653078
0.916832
0.795476
0.952181
0.440934
0.053707
0.483411
0.508086
0.079615
0.364570
0.408211
0.497715
0.213123
0.707719
0.018027
0.412404
0.723325
0.745665
0.077835
0.306674
0.887652
0.582718
0.255963
0.967055
0.258619
0.500206
0.677377
0.749142
0.051676
0.694512
0.050672
0.865243
0.050572
0.617437
0.283456
0.361161
0.174662
0.036325
0.043972
0.230422
0.362482
0.121470
0.506344
0.684278
0.912871
0.907322
0.299378
0.585567
0.882162
0.116880
0.246585
0.226636
0.197311
0.168302
0.885939
0.702005
0.334573
0.860420
0.555216
0.014037
0.396698
0.748672
0.351817
0.126787
0.254077
0.142442
0.869329
0.524568
0.793243
0.374341
0.887198
0.465895
0.826490
0.985272
0.270732
0.281863
0.586631
0.537940
0.117721
0.435176
0.079288
0.295637
0.572651
0.019736
0.650346
0.190737
0.892489
0.281662
0.597729
0.644404
0.977924
0.124892
0.304524
0.499946
0.134779
0.425073
0.375326
0.789262
0.771847
0.014599
0.440828
0.285564
0.808977
0.072556
0.369008
0.904601
0.013818
0.212661
0.437347
0.427669
0.323819
0.119330
0.822478
0.737752
0.474145
0.149728
0.435341
0.618129
0.239887
0.863708
0.445688
0.071844
0.125856
0.132903
0.714672
0.319875
0.978429
0.937032
0.094020
0.942964
0.346100
0.504843
0.101053
0.692478
0.338891
0.377386
0.677670
0.032901
0.607670
0.743948
0.565803
0.544446
0.024165
0.960534
0.649891
0.538653
0.848428
0.144970
0.437563
0.080737
0.045428
0.742315
0.572191
0.606018
0.894890
0.763281
0.935468
0.328185
0.832505
0.263837
0.935206
0.106944
0.285940
0.506271
0.054593
0.642078
0.111091
0.024109
0.625917
0.138986
0.593626
0.611765
0.186970
0.623878
0.124719
0.634327
0.175028
0.130064
0.870236
0.266054
0.245333
0.113071
0.577257
0.533842
0.192739
0.842864
0.164281
0.783079
0.471713
0.655397
0.750788
0.269931
0.206801
0.890622
0.142807
0.591512
0.559366
0.995230
0.614091
0.121780
0.453687
0.599632
0.733359
0.257892
0.193997
0.691620
0.378545
0.283692
0.041835
0.183723
0.356211
0.911718
0.629068
0.915513
0.881113
0.913320
0.305359
0.232082
0.755917
0.732303
0.450003
0.849959
0.378195
0.097824
0.097283
0.454180
0.660968
0.607403
0.253396
0.885564
0.819454
0.194156
0.233270
0.474185
0.501327
0.680094
0.569862
0.980268
0.437353
0.059249
0.289971
0.222132
0.195842
0.263048
0.992967
0.135482
0.535973
0.401709
0.486540
0.130264
0.584987
0.518302
0.141715
0.929914
0.691780
0.858676
0.433534
0.910322
0.429156
0.375831
0.780333
0.447895
0.189393
0.429849
0.120312
0.161210
0.018655
0.395660
0.146683
0.740797
0.406952
0.585227
0.630227
0.436335
0.348807
0.665948
0.299362
0.168119
0.038601
0.703944
0.722315
0.686057
0.502052
0.373438
0.083637
0.579096
0.495634
0.498661
0.598839
0.183071
0.348622
0.382846
0.137626
0.316183
0.563278
0.733261
0.889979
0.137171
0.928397
0.018205
0.212682
0.448521
0.406606
0.851217
0.130106
0.210728
0.908728
0.251901
0.965715
0.476510
0.317011
0.097760
0.774501
0.057354
0.326521
0.676047
0.296264
0.987860
0.169697
0.341110
0.111038
0.823594
0.417583
0.956063
0.247357
0.391018
0.423045
0.076298
0.258277
0.277136
0.712226
0.947775
0.466800
0.903590
0.632295
0.029711
0.809555
0.854903
0.733325
0.297011
0.234284
0.431439
0.872830
0.373295
0.582100
0.460524
0.571538
0.134662
0.099744
0.838343
0.172470
0.804441
0.360845
0.283063
0.332091
0.430340
0.249723
0.376634
0.037516
0.650867
0.488530
0.257522
0.948517
0.674214
0.820983
0.726010
0.423887
0.719415
0.646855
0.042519
0.140980
0.819317
0.514434
0.170671
0.052566
0.823481
0.197851
0.551663
0.360270
0.835540
0.027486
0.934250
0.797644
0.795861
0.010308
0.142540
0.403291
0.801737
0.019189
0.587466
0.985620
0.322151
0.783007
0.540865
0.011840
0.193824
0.550104
0.745206
0.836213
0.114349
0.494667
0.457209
0.173710
0.914402
0.197613
0.977763
0.947790
0.785207
0.759940
0.639882
0.033605
0.653451
0.337418
0.975185
0.684622
0.280860
0.551440
0.799899
0.291100
0.369766
0.403279
0.524222
0.558525
0.882671
0.959716
0.442621
0.713863
0.039303
0.289561
0.784108
0.214046
0.598726
0.406237
0.145514
0.926541
0.329271
0.444975
0.680416
0.424214
0.231273
0.998868
0.232629
0.949252
0.525763
0.620904
0.975495
0.582957
0.528475
0.524993
0.113778
0.054287
0.867906
0.684037
0.719500
0.540673
0.607128
0.914343
0.780004
0.385655
0.422963
0.380518
0.337769
0.270993
0.267609
0.871748
0.076851
0.443291
0.774517
0.447669
0.568347
0.779683
0.913120
0.779471
0.413037
0.972255
0.089795
0.009321
0.827664
0.870695
0.532346
0.899402
0.504559
0.016953
0.582411
0.762139
0.352927
0.869725
0.608016
0.367357
0.602848
0.901398
0.993231
0.062808
0.646518
0.172284
0.873359
0.464844
0.410510
0.678756
0.474767
0.659777
0.330703
0.531074
0.554338
0.178102
0.549304
0.156904
0.183464
0.478283
0.510225
0.326616
0.107546
0.109872
0.012386
0.951428
0.959401
0.563661
0.135839
0.675409
0.492033
0.396266
0.506505
0.143506
0.704428
0.015488
0.663639
0.121480
0.697853
0.399293
0.969686
0.027310
0.457408
0.503914
0.512994
0.830091
0.594965
0.594966
0.836106
0.120056
0.709201
0.749535
0.440205
0.656396
0.163195
0.257630
0.812207
0.077566
0.200220
0.169505
0.965479
0.197271
0.817263
0.253031
0.026774
0.409154
0.299837
0.745059
0.417588
0.951071
0.850489
0.495820
0.422538
0.917903
0.079597
0.049476
0.993569
0.007978
0.986558
0.401607
0.168042
0.605869
0.361161
0.290487
0.470109
0.272659
0.650853
0.969331
0.685852
0.378452
0.345095
0.167479
0.848739
0.081344
0.851138
0.966631
0.616859
0.258199
0.908042
0.321331
0.268734
0.216995
0.491973
0.059087
0.670279
0.975469
0.293545
0.163555
0.979616
0.749133
0.538049
0.623563
0.845105
0.741927
0.715701
0.911418
0.029427
0.828948
0.688700
0.416618
0.951138
0.732511
0.345056
0.727036
0.595424
0.555710
0.129185
0.230798
0.706360
0.302528
0.252555
0.960952
0.560634
0.297056
0.483884
0.164835
0.942305
0.248740
0.150095
0.634501
0.022697
0.393628
0.312381
0.158162
0.610195
0.486789
0.185153
0.460327
0.910676
0.007595
0.361489
0.995841
0.348012
0.362023
0.622156
0.896667
0.781054
0.984974
0.314557
0.076888
0.342294
0.436793
0.974722
0.958588
0.165845
0.993247
0.964021
0.857179
0.098344
0.004466
0.040568
0.768145
0.553809
0.868637
0.573931
0.027489
0.518649
0.768928
0.334863
0.115448
0.199973
0.061502
0.696288
0.167931
0.381719
0.098052
0.617957
0.623950
0.479194
0.303649
0.858340
0.831929
0.912150
0.010568
0.569913
0.465769
0.426258
0.137984
0.347538
0.756062
0.637643
0.588039
0.176901
0.956678
0.437987
0.748766
0.786702
0.166499
0.139814
0.817091
0.063526
0.775414
0.852136
0.609821
0.313997
0.958431
0.623003
0.961767
0.830308
0.998259
0.263314
0.828434
0.960641
0.861809
0.448969
0.441896
0.436987
0.617376
0.987966
0.704244
0.253846
0.574862
0.915190
0.850532
0.810053
0.720184
0.048422
0.945298
0.163311
0.246290
0.590644
0.182051
0.146794
0.047082
0.410323
0.187551
0.256651
0.617684
0.465340
0.562186
0.838396
0.216124
0.978183
0.949417
0.332461
0.599630
0.018466
0.772260
0.541047
0.505797
0.030669
0.919609
0.859309
0.048156
0.064954
0.642128
0.686712
0.720832
0.360128
0.524335
0.264747
0.032533
0.901336
0.949778
0.644164
0.331012
0.370195
0.049032
0.490501
0.941170
0.839202
0.810312
0.816085
0.769252
0.780791
0.200165
0.258349
0.359216
0.688170
0.662948
0.189467
0.502737
0.391603
0.884214
0.175720
0.769645
0.130171
0.871973
0.244262
0.249722
0.563127
0.153848
0.150912
0.779054
0.212985
0.646007
0.669154
0.504603
0.688618
0.725349
0.584878
0.750015
0.383354
0.449683
0.033534
0.355198
0.950809
0.206733
0.459834
0.433771
0.578607
0.332824
0.421208
0.428676
0.084005
0.192609
0.754547
0.440227
0.900652
0.634425
0.044047
0.686388
0.695169
0.679642
0.581953
0.156582
0.307285
0.332217
0.022753
0.702887
0.936884
0.835640
0.066838
0.031638
0.573176
0.903326
0.847093
0.010704
0.970571
0.015576
0.259641
0.979706
0.496504
0.937515
0.509409
0.069994
0.710105
0.059514
0.316977
0.026234
0.957125
0.901709
0.942906
0.430957
0.793989
0.330214
0.770359
0.216640
0.968250
0.393015
0.190158
0.696973
0.598480
0.652316
0.951589
0.240566
0.306026
0.937120
0.677485
0.967676
0.374592
0.300364
0.546685
0.185610
0.650037
0.889993
0.077267
0.543747
0.268652
0.449498
0.809728
0.327819
0.422611
0.282985
0.502997
0.808969
0.069086
0.050526
0.183855
0.890602
0.675968
0.514926
0.200790
0.370159
0.011372
0.920182
0.948694
0.259404
0.443624
0.639559
0.476266
0.731838
0.868622
0.947710
0.041852
0.226382
0.946096
0.622575
0.327187
0.010098
0.856975
0.710545
0.386646
0.457505
0.920824
0.349813
0.139898
0.448843
0.593039
0.464684
0.899066
0.523903
0.132393
0.356592
0.851587
0.791684
0.454832
0.429462
0.844065
0.519956
0.811477
0.217926
0.180567
0.884026
0.218220
0.521795
0.364557
0.502521
0.369589
0.290313
0.883226
0.232409
0.767564
0.211543
0.816087
0.728885
0.241611
0.028032
0.508989
0.632006
0.012353
0.967519
0.005967
0.945406
0.119164
0.410370
0.793590
0.388155
0.880790
0.842740
0.557732
0.784506
0.155325
0.110877
0.656122
0.104144
0.406869
0.107908
0.400083
0.664572
0.944781
0.915808
0.746807
0.484984
0.479197
0.483667
0.814077
0.455483
0.213416
0.556046
0.630117
0.115683
0.777839
0.445075
0.563116
0.571922
0.187447
0.555343
0.981796
0.712611
0.789718
0.275795
0.377388
0.087258
0.554628
0.917419
0.628565
0.917782
0.563619
0.034887
0.467701
0.922722
0.778654
0.475421
0.865724
0.308469
0.042584
0.365675
0.803251
0.159766
0.282781
0.509504
0.250542
0.928331
0.394516
0.124009
0.603664
0.047894
0.679826
0.801739
0.988299
0.311260
0.751049
0.132352
0.867730
0.335924
0.793080
0.642307
0.103023
0.665477
0.160259
0.976470
0.789577
0.141562
0.686306
0.426887
0.816418
0.612916
0.360553
0.653111
0.597581
0.692318
0.300873
0.392402
0.946162
0.637740
0.191058
0.049891
0.692147
0.920226
0.584208
0.726748
0.678717
0.187862
0.068122
0.692734
0.955565
0.073478
0.186149
0.757842
0.771983
0.194647
0.978026
0.931547
0.760451
0.219997
0.898379
0.178344
0.099545
0.628491
0.862763
0.751406
0.512873
0.761164
0.017046
0.294584
0.461022
0.591783
0.108759
0.694409
0.532064
0.848280
0.719773
0.101750
0.751893
0.365769
0.087662
0.956425
0.690710
0.900057
0.365660
0.582073
0.911435
0.774163
0.343836
0.583324
0.518105
0.256319
0.350517
0.998762
0.548817
0.203848
0.074945
0.832896
0.403059
0.371259
0.779434
0.115645
0.785107
0.631830
0.010039
0.191490
0.124231
0.849019
0.754942
0.210952
0.642877
0.047629
0.653791
0.238530
0.182665
0.055028
0.521400
0.473408
0.265308
0.731593
0.136057
0.537389
0.314610
0.998429
0.054860
0.869781
0.353127
0.952152
0.582682
0.997739
0.122261
0.674123
0.942571
0.855248
0.470405
0.778808
0.006476
0.702316
0.975915
0.077317
0.557387
0.361425
0.289194
0.872735
0.206566
0.020153
0.213073
0.659200
0.599753
0.341633
0.418179
0.313096
0.059807
0.938686
0.188351
0.079222
0.053561
0.778955
0.191958
0.744766
0.889713
0.938741
0.912638
0.727637
0.482052
0.469845
0.685266
0.391929
0.306370
0.409251
0.860759
0.641410
0.376070
0.084553
0.260393
0.772042
0.025054
0.552672
0.023955
0.117205
0.959378
0.975333
0.156265
0.265966
0.691781
0.967397
0.436835
0.537122
0.454342
0.954398
0.984069
0.052587
0.670772
0.610087
0.218016
0.666000
0.316209
0.795800
0.507030
0.300062
0.081842
0.638677
0.629474
0.953524
0.355306
0.528885
0.750872
0.920827
0.114937
0.715926
0.781731
0.180023
0.983903
0.685722
0.316696
0.643844
0.794615
0.713726
0.390287
0.121781
0.048078
0.540844
0.749462
0.635045
0.918958
0.399980
0.423298
0.779833
0.834838
0.038922
0.952945
0.405773
0.855455
0.612731
0.571324
0.115636
0.880870
0.544394
0.935991
0.289020
0.240643
0.630306
0.217025
0.167669
0.151664
0.766878
0.625073
0.334581
0.400782
0.931593
0.986016
0.884926
0.008410
0.217110
0.084636
0.076750
0.487634
0.307184
0.019659
0.006447
0.134942
0.330408
0.249360
0.262011
0.906382
0.329953
0.826389
0.840414
0.258122
0.958142
0.191458
0.289177
0.602016
0.522750
0.940240
0.852041
0.062462
0.272389
0.021301
0.810750
0.166010
0.171232
0.643567
0.556370
0.173395
0.254957
0.751119
0.671802
0.526861
0.621476
0.695513
0.330261
0.463509
0.849181
0.839203
0.121459
0.196084
0.074836
0.348603
0.407291
0.222172
0.541350
0.676006
0.022120
0.655511
0.346648
0.932928
0.499915
0.921366
0.608392
0.973707
0.602828
0.492241
0.790697
0.940660
0.205170
0.409184
0.519376
0.877274
0.155756
0.314359
0.608000
0.853270
0.593383
0.367329
0.010648
0.627738
0.958534
0.313542
0.056285
0.919585
0.153718
0.780074
0.167880
0.777345
0.620229
0.579925
0.655654
0.714931
0.576100
0.979531
0.443036
0.281440
0.995027
0.920116
0.346272
0.589900
0.685952
0.555726
0.910257
0.273402
0.785241
0.981003
0.695533
0.051875
0.216342
0.049830
0.221853
0.966607
0.964048
0.940002
0.674981
0.713240
0.001552
0.885049
0.664115
0.921395
0.188391
0.886656
0.231398
0.687310
0.606752
0.432065
0.432340
0.865152
0.443776
0.290995
0.861792
0.216276
0.370383
0.454518
0.745486
0.360110
0.265238
0.630848
0.668654
0.875117
0.328977
0.434953
0.703043
0.876146
0.012523
0.333261
0.919654
0.911148
0.518614
0.442744
0.850251
0.244804
0.842601
0.674491
0.965110
0.151047
0.702844
0.272908
0.262459
0.045953
0.218871
0.178505
0.476862
0.435438
0.663805
0.558365
0.585431
0.209971
0.024011
0.355686
0.363815
0.725733
0.811482
0.438060
0.875635
0.005992
0.602164
0.331481
0.392256
0.868729
0.015402
0.149516
0.272995
0.630742
0.346226
0.028937
0.493151
0.501541
0.243783
0.606761
0.508356
0.812662
0.767269
0.089617
0.973991
0.732756
0.807023
0.623193
0.998849
0.202463
0.335698
0.644133
0.369329
0.045287
0.745615
0.943863
0.816597
0.833962
0.767486
0.376536
0.462048
0.332200
0.176953
0.662754
0.129663
0.607984
0.843923
0.066064
0.086445
0.098871
0.221198
0.918031
0.808884
0.577325
0.299551
0.935264
0.684626
0.643158
0.463249
0.981877
0.770184
0.792184
0.790554
0.685252
0.229254
0.459826
0.776047
0.991398
0.279226
0.603218
0.464599
0.056889
0.048587
0.206297
0.729865
0.603225
0.883695
0.613266
0.193210
0.120898
0.293819
0.313851
0.742874
0.796818
0.858270
0.919020
0.099029
0.270478
0.274097
0.731755
0.590202
0.900112
0.048285
0.890355
0.612857
0.066699
0.651188
0.351326
0.881885
0.666020
0.780339
0.497717
0.929148
0.670000
0.533625
0.372792
0.644483
0.889458
0.071566
0.116927
0.393699
0.580336
0.839254
0.249862
0.196844
0.621926
0.714008
0.815948
0.053519
0.804068
0.905462
0.875242
0.097370
0.514302
0.936521
0.359601
0.326459
0.367407
0.217968
0.354911
0.058339
0.198430
0.253869
0.555930
0.506911
0.304263
0.301906
0.059785
0.372224
0.904157
0.801109
0.111830
0.613977
0.860588
0.273036
0.640462
0.575638
0.700909
0.921154
0.865793
0.909762
0.677823
0.282269
0.344080
0.788415
0.851496
0.024309
0.122014
0.268008
0.144800
0.103282
0.281862
0.408550
0.770743
0.770861
0.822856
0.457052
0.940484
0.410878
0.261779
0.618079
0.992642
0.441244
0.465569
0.316154
0.029165
0.876816
0.422787
0.460692
0.367148
0.953037
0.994377
0.750508
0.015250
0.070208
0.185464
0.088750
0.431343
0.360042
0.380494
0.447811
0.816536
0.291174
0.968399
0.145574
0.529572
0.825888
0.240310
0.228029
0.072875
0.889308
0.710534
0.148252
0.793323
0.003108
0.635948
0.978057
0.571379
0.322577
0.486720
0.166906
0.533960
0.468361
0.152589
0.194253
0.239839
0.197686
0.407068
0.058263
0.950080
0.365427
0.453382
0.258367
0.936783
0.799471
0.550248
0.004524
0.306156
0.689856
0.775492
0.706161
0.349594
0.164799
0.896707
0.132969
0.900213
0.712601
0.249753
0.913086
0.801392
0.585506
0.099854
0.547364
0.205732
0.884728
0.501592
0.817633
0.662868
0.535300
0.461572
0.189195
0.546563
0.191229
0.722356
0.530544
0.367027
0.407103
0.662989
0.564861
0.543514
0.329229
0.287841
0.936851
0.732806
0.120220
0.642266
0.524436
0.357455
0.274328
0.044793
0.687728
0.417786
0.610772
0.508227
0.958208
0.446098
0.768558
0.586319
0.300472
0.840727
0.454213
0.531971
0.489183
0.150307
0.014419
0.193627
0.437424
0.841408
0.385336
0.068186
0.982852
0.930630
0.391656
0.634167
0.818461
0.678280
0.279040
0.723694
0.969957
0.485900
0.326954
0.675234
0.636720
0.703665
0.234211
0.212844
0.883667
0.303135
0.541423
0.997248
0.793493
0.201781
0.763444
0.117667
0.349454
0.411583
0.776733
0.172404
0.745793
0.426590
0.732911
0.205297
0.634174
0.243670
0.757999
0.512063
0.268848
0.834515
0.619564
0.045966
0.760207
0.541702
0.589963
0.880204
0.975872
0.871293
0.856918
0.421976
0.721245
0.191596
0.002774
0.020452
0.008675
0.442768
0.526060
0.421338
0.698174
0.713524
0.864630
0.550647
0.915295
0.376165
0.415089
0.169365
0.166681
0.894231
0.160775
0.541606
0.364558
0.761401
0.518083
0.867313
0.312657
0.706948
0.201821
0.515688
0.012553
0.051255
0.373743
0.179244
0.227067
0.232179
0.169092
0.775940
0.532276
0.194715
0.254274
0.036591
0.938955
0.766276
0.230665
0.208094
0.545243
0.879579
0.106598
0.614492
0.463328
0.684619
0.369001
0.085329
0.952667
0.168408
0.320921
0.574766
0.690163
0.912326
0.749550
0.949696
0.953821
0.426164
0.855696
0.667482
0.121372
0.047816
0.929431
0.344272
0.860504
0.458399
0.983450
0.436398
0.174520
0.283176
0.456261
0.026579
0.669076
0.205600
0.938493
0.083093
0.015242
0.270162
0.439444
0.306481
0.235287
0.172304
0.045397
0.510477
0.654709
0.991811
0.489706
0.320720
0.812216
0.008879
0.486254
0.188381
0.354173
0.517002
0.017373
0.381458
0.657854
0.309333
0.725018
0.762306
0.215523
0.238959
0.255888
0.017622
0.396485
0.740309
0.748916
0.260930
0.204962
0.828551
0.534279
0.965565
0.826727
0.074411
0.709691
0.348828
0.756299
0.669397
0.260761
0.159465
0.909210
0.565273
0.251580
0.317917
0.531067
0.984155
0.799388
0.722137
0.738090
0.372281
0.798284
0.414441
0.874523
0.210003
0.922654
0.063308
0.403188
0.419629
0.337771
0.657929
0.999824
0.436213
0.805153
0.455160
0.783307
0.157386
0.791610
0.524318
0.957017
0.877848
0.586894
0.873870
0.476314
0.181519
0.884646
0.737554
0.999204
0.427000
0.379605
0.471043
0.267891
0.565309
0.541163
0.942278
0.045115
0.296595
0.215298
0.770437
0.768364
0.056379
0.225290
0.214780
0.555509
0.651715
0.843653
0.573025
0.105828
0.001538
0.316266
0.210227
0.290231
0.909489
0.473189
0.597399
0.853833
0.975917
0.563258
0.241239
0.093412
0.080993
0.520978
0.082739
0.693153
0.613366
0.899801
0.736205
0.066222
0.127236
0.186587
0.937971
0.659738
0.061863
0.414524
0.335315
0.229748
0.806202
0.198187
0.533474
0.214704
0.820671
0.072664
0.348072
0.054966
0.899022
0.392236
0.900624
0.787287
0.455244
0.861993
0.418166
0.042474
0.020771
0.882874
0.929649
0.887941
0.831394
0.397118
0.019861
0.871538
0.444980
0.453123
0.137745
0.366331
0.061991
0.657726
0.844667
0.506177
0.500862
0.457260
0.717052
0.897745
0.317464
0.459186
0.227832
0.045422
0.138376
0.962141
0.866082
0.321486
0.015641
0.458040
0.511329
0.035569
0.198635
0.075049
0.858358
0.026105
0.676973
0.980246
0.643257
0.424127
0.775791
0.406557
0.908472
0.178860
0.907927
0.726644
0.373211
0.328351
0.811424
0.399168
0.658469
0.230595
0.558376
0.457988
0.118963
0.315654
0.723590
0.815940
0.026418
0.792257
0.088029
0.090948
0.951857
0.948863
0.440064
0.028048
0.234198
0.675549
0.572491
0.246879
0.176678
0.936183
0.678947
0.866204
0.063020
0.617795
0.581273
0.186727
0.666294
0.343921
0.699689
0.708091
0.772835
0.969835
0.368090
0.238304
0.452190
0.979411
0.033723
0.162423
0.665805
0.415829
0.428056
0.276276
0.069122
0.232257
0.896258
0.179998
0.974120
0.615152
0.496855
0.550530
0.805371
0.373940
0.079463
0.673072
0.608980
0.509076
0.493780
0.175225
0.319727
0.558955
0.132092
0.756594
0.320165
0.918729
0.743482
0.888654
0.052083
0.545119
0.541800
0.538358
0.984648
0.975878
0.050575
0.273159
0.476639
0.456296
0.453719
0.979817
0.067838
0.874355
0.846721
0.484691
0.525005
0.747745
0.182553
0.725288
0.782507
0.407478
0.681594
0.683209
0.441083
0.902425
0.405290
0.954533
0.108166
0.765638
0.787121
0.777956
0.920410
0.286038
0.457786
0.252131
0.627572
0.108227
0.308658
0.805768
0.633739
0.019228
0.600856
0.206818
0.087260
0.495394
0.067269
0.245900
0.137920
0.687283
0.470122
0.954940
0.695446
0.867642
0.394033
0.841483
0.736754
0.200847
0.178788
0.164374
0.433314
0.895084
0.660306
0.045549
0.070277
0.145560
0.703591
0.018779
0.074680
0.683194
0.617131
0.038685
0.083027
0.514221
0.251620
0.606733
0.184200
0.518195
0.552495
0.375715
0.550154
0.801956
0.279283
0.746317
0.095737
0.062758
0.576890
0.710414
0.524805
0.063074
0.714593
0.682907
0.760198
0.671474
0.055629
0.720119
0.911044
0.677672
0.720107
0.286442
0.396109
0.785610
0.320651
0.306184
0.863621
0.256741
0.026184
0.344131
0.076372
0.687926
0.315048
0.381596
0.869251
0.326427
0.462913
0.295559
0.741105
0.250901
0.750275
0.073663
0.173600
0.175254
0.823901
0.289374
0.639159
0.695476
0.689070
0.967532
0.684024
0.522570
0.606279
0.754213
0.869852
0.792483
0.206311
0.095409
0.600171
0.472081
0.488633
0.771249
0.521660
0.385201
0.925586
0.736689
0.802853
0.551307
0.632236
0.411714
0.886028
0.589029
0.780981
0.735822
0.466212
0.505933
0.020813
0.860003
0.362201
0.533052
0.311627
0.967575
0.448969
0.917436
0.090205
0.581399
0.962872
0.048321
0.160769
0.783473
0.767661
0.643045
0.841706
0.013228
0.780674
0.278944
0.221671
0.758520
0.858071
0.539015
0.481442
0.259202
0.381987
0.794634
0.049388
0.823959
0.390619
0.921324
0.383081
0.048948
0.857190
0.417153
0.740472
0.919602
0.121323
0.742360
0.832263
0.788184
0.175488
0.638113
0.471920
0.628449
0.631990
0.517794
0.578554
0.869755
0.567590
0.201905
0.286195
0.866594
0.841634
0.624776
0.694329
0.541678
0.890997
0.155050
0.510892
0.593068
0.855671
0.710724
0.619892
0.535628
0.320326
0.422064
0.409640
0.677082
0.060273
0.601433
0.560277
0.347703
0.249052
0.757966
0.275090
0.514279
0.366337
0.277847
0.591539
0.533109
0.989261
0.748840
0.195332
0.718900
0.160830
0.202791
0.932982
0.627312
0.712422
0.384415
0.151870
0.235425
0.832848
0.522095
0.846675
0.338484
0.086904
0.610405
0.940255
0.511061
0.707571
0.438983
0.536711
0.469518
0.236900
0.183394
0.643767
0.949578
0.843306
0.366231
0.238057
0.622620
0.972622
0.097337
0.036026
0.727320
0.425212
0.297554
0.408484
0.115467
0.723067
0.828294
0.340173
0.193853
0.423796
0.207798
0.566946
0.695134
0.240354
0.652792
0.230274
0.502528
0.777137
0.190975
0.857890
0.574502
0.938587
0.335269
0.824861
0.820354
0.602847
0.475797
0.863397
0.035524
0.680365
0.551309
0.693011
0.451950
0.849102
0.420326
0.533658
0.344786
0.930551
0.515955
0.570153
0.478890
0.353638
0.080479
0.361180
0.008939
0.459560
0.420156
0.563779
0.063679
0.495450
0.971564
0.085261
0.461130
0.197402
0.443426
0.118493
0.396632
0.495973
0.197687
0.280633
0.114233
0.414903
0.307131
0.905355
0.374323
0.954866
0.210772
0.157833
0.342688
0.139971
0.560302
0.102220
0.489863
0.390080
0.079119
0.782714
0.361968
0.604462
0.048708
0.239785
0.088103
0.392714
0.294807
0.708676
0.163177
0.561167
0.307921
0.902319
0.092976
0.504238
0.829958
0.707539
0.630008
0.510612
0.942447
0.092545
0.549538
0.076972
0.363745
0.883651
0.716266
0.233831
0.405464
0.996927
0.839872
0.188284
0.345234
0.960685
0.094380
0.539939
0.977573
0.220590
0.229857
0.144808
0.831528
0.941715
0.998816
0.806312
0.157954
0.300384
0.482929
0.235015
0.846363
0.660543
0.083037
0.714354
0.127622
0.450097
0.637298
0.166829
0.341230
0.965903
0.984592
0.565267
0.422036
0.043595
0.684677
0.061531
0.709235
0.409997
0.950202
0.697974
0.459072
0.299652
0.811460
0.966017
0.201338
0.349030
0.311134
0.825241
0.108434
0.996507
0.067355
0.592541
0.525287
0.305711
0.818922
0.554281
0.059856
0.814698
0.811850
0.398412
0.369451
0.292388
0.852430
0.964545
0.349991
0.083458
0.055492
0.177663
0.586942
0.548316
0.289521
0.878100
0.041665
0.288993
0.860789
0.052543
0.299820
0.805732
0.400042
0.376965
0.714217
0.692197
0.296681
0.124754
0.238840
0.766758
0.461571
0.196925
0.119952
0.798881
0.050837
0.074662
0.221119
0.946818
0.925355
0.858841
0.089227
0.227348
0.695685
0.681302
0.786256
0.420106
0.867077
0.786125
0.525541
0.726145
0.776879
0.576799
0.660860
0.288800
0.145596
0.201030
0.121988
0.709099
0.347055
0.545903
0.902109
0.890095
0.162494
0.292561
0.251742
0.695230
0.303051
0.334671
0.282855
0.853739
0.366277
0.005307
0.337787
0.467907
0.901387
0.241862
0.723985
0.127682
0.677265
0.811141
0.890883
0.600616
0.124633
0.732483
0.354139
0.000527
0.822729
0.994716
0.319804
0.235977
0.150405
0.934946
0.082557
0.966904
0.166510
0.308857
0.564168
0.650118
0.035095
0.161645
0.407750
0.005494
0.993372
0.337413
0.577727
0.186332
0.866002
0.527325
0.552830
0.469309
0.365542
0.540814
0.698764
0.599897
0.058432
0.330435
0.917781
0.323991
0.607383
0.753527
0.984290
0.720218
0.178405
0.109722
0.269594
0.912250
0.193854
0.852806
0.656019
0.606971
0.656951
0.191653
0.053100
0.771213
0.319419
0.424573
0.908646
0.053652
0.028627
0.103815
0.698522
0.284321
0.706241
0.514953
0.464724
0.374989
0.874665
0.445273
0.826158
0.110564
0.274047
0.974951
0.425498
0.903879
0.480345
0.676913
0.804286
0.401213
0.138700
0.480936
0.163325
0.519071
0.326454
0.823153
0.203281
0.787832
0.032544
0.045051
0.228865
0.826531
0.926378
0.260942
0.307121
0.005275
0.646791
0.717364
0.504986
0.325474
0.193146
0.612809
0.992850
0.799451
0.584709
0.225511
0.129416
0.004256
0.474912
0.257777
0.969235
0.462062
0.584077
0.497800
0.029409
0.331885
0.632671
0.127301
0.577790
0.933151
0.418369
0.372148
0.264266
0.537610
0.050624
0.262933
0.102467
0.917143
0.418343
0.305980
0.755333
0.404107
0.267453
0.078253
0.808758
0.869253
0.869203
0.571093
0.398135
0.538989
0.995876
0.389673
0.738608
0.026460
0.633204
0.242753
0.997589
0.234926
0.658188
0.059042
0.624442
0.880913
0.223568
0.273673
0.944792
0.580375
0.207120
0.525541
0.153787
0.623519
0.212802
0.081278
0.062648
0.440944
0.924167
0.595190
0.215382
0.121573
0.296970
0.370554
0.587672
0.295695
0.091678
0.603361
0.688323
0.936687
0.557220
0.365006
0.826545
0.683147
0.920303
0.468981
0.797715
0.737923
0.460831
0.224692
0.628593
0.188555
0.880053
0.218737
0.053463
0.219878
0.926269
0.192976
0.449101
0.487003
0.631015
0.275345
0.313247
0.296642
0.340226
0.932613
0.443452
0.946139
0.078927
0.176079
0.566393
0.909915
0.759332
0.586962
0.728336
0.687863
0.691125
0.416034
0.622263
0.263195
0.655228
0.333559
0.673838
0.810059
0.099996
0.795185
0.004951
0.673846
0.468881
0.585002
0.848994
0.677449
0.193926
0.989123
0.005487
0.520985
0.928529
0.536025
0.033440
0.804926
0.349809
0.060416
0.023424
0.959495
0.555359
0.455832
0.529072
0.877209
0.196577
0.280864
0.041576
0.169126
0.031988
0.981229
0.858176
0.875436
0.315760
0.944493
0.320859
0.912520
0.141064
0.678763
0.818269
0.114320
0.582984
0.816935
0.176590
0.087115
0.794762
0.313033
0.778938
0.232735
0.433390
0.488946
0.003273
0.773286
0.270689
0.583536
0.052253
0.826124
0.194312
0.180095
0.551801
0.004709
0.145679
0.573855
0.145861
0.460869
0.770159
0.473249
0.831182
0.116801
0.576192
0.794676
0.716664
0.268775
0.387299
0.051304
0.906293
0.065253
0.512510
0.496102
0.083030
0.184074
0.810836
0.754664
0.293855
0.549016
0.153635
0.874882
0.224748
0.155872
0.430524
0.181309
0.620716
0.120772
0.450792
0.908656
0.302521
0.345703
0.879678
0.610841
0.701689
0.722773
0.749651
0.811991
0.862531
0.402879
0.398773
0.249752
0.218637
0.247088
0.724858
0.527937
0.056688
0.399573
0.984535
0.667187
0.738119
0.786665
0.605207
0.244027
0.405444
0.903087
0.475679
0.818821
0.891864
0.217251
0.313740
0.653083
0.857599
0.964499
0.118052
0.241050
0.162472
0.630107
0.554305
0.566895
0.160304
0.510919
0.824777
0.838469
0.866176
0.921566
0.064583
0.534778
0.842533
0.742810
0.301123
0.184742
0.605163
0.537889
0.225284
0.319220
0.436546
0.658356
0.439140
0.410243
0.673841
0.972492
0.966251
0.437249
0.914436
0.753624
0.903743
0.559432
0.646645
0.117495
0.442378
0.488891
0.700632
0.280250
0.629739
0.766757
0.649346
0.982703
0.265756
0.662979
0.036252
0.181659
0.028423
0.721942
0.621520
0.612471
0.175190
0.635823
0.917528
0.974331
0.062705
0.673820
0.214740
0.254583
0.900182
0.059651
0.308021
0.392370
0.991330
0.656479
0.839209
0.965118
0.633731
0.975467
0.833160
0.571667
0.505626
0.712271
0.770986
0.869440
0.966755
0.778869
0.705672
0.914180
0.186284
0.633331
0.162597
0.241802
0.356684
0.817620
0.201755
0.543370
0.693050
0.146551
0.261751
0.414724
0.203722
0.306171
0.610390
0.438605
0.866804
0.526558
0.136058
0.284145
0.390553
0.005037
0.211973
0.919322
0.971347
0.337021
0.726015
0.837522
0.704677
0.031889
0.507489
0.139031
0.631326
0.372717
0.104259
0.699398
0.907347
0.246402
0.615741
0.644712
0.633079
0.903094
0.405922
0.162621
0.339018
0.882356
0.483681
0.858953
0.646768
0.002637
0.013157
0.553260
0.858458
0.488172
0.313687
0.550156
0.101050
0.094171
0.226272
0.063410
0.601161
0.781021
0.401654
0.970420
0.895597
0.828291
0.834589
0.378440
0.512388
0.719833
0.401083
0.361183
0.372174
0.075449
0.712066
0.523913
0.861195
0.958981
0.880857
0.953510
0.981543
0.116786
0.805868
0.362226
0.973984
0.857103
0.928209
0.422875
0.381333
0.085610
0.660502
0.080225
0.239614
0.384482
0.463416
0.997579
0.279131
0.333513
0.925786
0.826358
0.032837
0.597599
0.879037
0.065431
0.195365
0.673424
0.133836
0.379635
0.578790
0.830895
0.594066
0.175087
0.462180
0.386466
0.398432
0.362476
0.938498
0.393516
0.122143
0.786449
0.197358
0.470311
0.589509
0.045723
0.233847
0.352719
0.293020
0.988778
0.696416
0.853795
0.966230
0.236431
0.950167
0.935838
0.337758
0.675694
0.671388
0.205877
0.213949
0.087704
0.655586
0.189141
0.650675
0.342985
0.031382
0.526591
0.323608
0.924734
0.758517
0.794618
0.174855
0.758147
0.447870
0.923466
0.776456
0.342303
0.988117
0.364666
0.523062
0.239863
0.776764
0.848956
0.052698
0.896430
0.127303
0.109853
0.142192
0.181102
0.519667
0.602750
0.569568
0.686445
0.153860
0.506371
0.056949
0.751303
0.898327
0.087381
0.772475
0.003673
0.352419
0.477492
0.987198
0.421103
0.789127
0.646404
0.252326
0.009039
0.148568
0.647297
0.923499
0.067333
0.718589
0.311460
0.442743
0.094288
0.386049
0.425103
0.566628
0.936502
0.356190
0.937873
0.662838
0.180139
0.519026
0.035524
0.389392
0.671774
0.457402
0.517987
0.014376
0.709598
0.723578
0.121728
0.462884
0.941409
0.007731
0.427292
0.916541
0.505755
0.246088
0.218449
0.604318
0.945938
0.397596
0.480437
0.867216
0.980800
0.400915
0.216474
0.849903
0.226826
0.818294
0.452557
0.356586
0.406613
0.505698
0.921803
0.733742
0.751139
0.710839
0.155904
0.727034
0.087166
0.699887
0.950339
0.362528
0.204743
0.022367
0.252613
0.172731
0.309121
0.030567
0.492939
0.815858
0.790818
0.228868
0.731482
0.002963
0.889358
0.409354
0.935840
0.973265
0.600977
0.568362
0.379962
0.755167
0.986850
0.045147
0.927921
0.471622
0.803041
0.695258
0.642161
0.736812
0.601132
0.739708
0.248952
0.130330
0.472529
0.014452
0.969433
0.099666
0.840784
0.996563
0.751947
0.846789
0.884168
0.282864
0.142239
0.605659
0.612712
0.238406
0.727894
0.660892
0.475258
0.676420
0.070254
0.830473
0.856640
0.554171
0.272633
0.414847
0.494464
0.412121
0.262296
0.669137
0.829127
0.304205
0.623293
0.193425
0.557627
0.187683
0.498438
0.657338
0.227532
0.600373
0.975693
0.519752
0.946438
0.155325
0.233764
0.802813
0.136767
0.147739
0.994267
0.103065
0.506328
0.881639
0.916535
0.333097
0.880257
0.185372
0.082550
0.787390
0.426690
0.762086
0.713108
0.009076
0.861473
0.296105
0.494938
0.233888
0.019550
0.656498
0.097763
0.428207
0.393488
0.668509
0.539391
0.784646
0.852054
0.091080
0.387671
0.046922
0.331409
0.989112
0.445928
0.902004
0.233682
0.232752
0.581561
0.488650
0.046164
0.518834
0.957232
0.555004
0.110798
0.983272
0.795193
0.072069
0.908023
0.064850
0.335355
0.933390
0.879221
0.963440
0.177594
0.393594
0.984333
0.497584
0.272479
0.909580
0.489690
0.861765
0.439055
0.228781
0.098362
0.182231
0.143863
0.740350
0.491677
0.607366
0.025235
0.979240
0.744760
0.195209
0.147563
0.602493
0.337687
0.093426
0.531261
0.384822
0.612033
0.478163
0.138224
0.690518
0.353253
0.725426
0.165560
0.245238
0.623561
0.145604
0.381139
0.769476
0.267047
0.897446
0.945203
0.450952
0.476079
0.007014
0.028034
0.272312
0.091075
0.610192
0.832888
0.710102
0.628148
0.990215
0.847410
0.258649
0.442632
0.835999
0.210233
0.976350
0.571068
0.560016
0.630039
0.810741
0.107766
0.908927
0.922895
0.732005
0.000772
0.414660
0.734092
0.732332
0.760186
0.172144
0.630078
0.961392
0.201659
0.712270
0.434625
0.737468
0.270127
0.350169
0.344335
0.861387
0.551939
0.830532
0.098556
0.668841
0.964377
0.630130
0.857123
0.079180
0.564939
0.195009
0.718992
0.669045
0.531731
0.234049
0.211395
0.541755
0.291984
0.025034
0.011678
0.643137
0.007373
0.343271
0.504595
0.747227
0.229803
0.940773
0.101564
0.797218
0.415183
0.596503
0.083719
0.725106
0.099084
0.251108
0.808924
0.515260
0.198747
0.024529
0.628693
0.740710
0.990667
0.399151
0.682137
0.345211
0.529850
0.207523
0.711140
0.218363
0.411987
0.480708
0.218213
0.405444
0.947471
0.644975
0.162666
0.288693
0.708790
0.970749
0.162328
0.093898
0.550834
0.813613
0.990128
0.827233
0.185744
0.793875
0.384073
0.584818
0.146806
0.155278
0.634902
0.844725
0.004483
0.657045
0.590832
0.231762
0.334961
0.284601
0.089014
0.613902
0.598722
0.126278
0.057634
0.660604
0.502851
0.035382
0.753036
0.973228
0.913497
0.273770
0.628029
0.032552
0.099587
0.574972
0.948999
0.834959
0.249182
0.847862
0.471983
0.684711
0.357535
0.707524
0.686122
0.043066
0.870858
0.825492
0.474472
0.114552
0.839980
0.659858
0.617992
0.375972
0.829696
0.895276
0.672417
0.064647
0.806844
0.097752
0.126893
0.669721
0.635442
0.889049
0.857783
0.285350
0.411073
0.855870
0.124302
0.749106
0.517695
0.430722
0.321116
0.405628
0.165045
0.881093
0.466145
0.097460
0.018563
0.103484
0.722492
0.226028
0.949370
0.186900
0.847219
0.970199
0.570421
0.249897
0.245782
0.662826
0.075715
0.195538
0.661268
0.962919
0.529860
0.114147
0.517354
0.518677
0.560778
0.705071
0.591508
0.881700
0.862569
0.411665
0.251760
0.232625
0.820322
0.859995
0.630970
0.131499
0.303761
0.568613
0.224659
0.771134
0.450147
0.926978
0.822863
0.737876
0.354894
0.812137
0.967179
0.861818
0.625177
0.381355
0.258207
0.547985
0.919810
0.012080
0.526091
0.842864
0.918315
0.795382
0.771330
0.118691
0.732073
0.675793
0.740653
0.503648
0.017503
0.285852
0.333367
0.292788
0.980131
0.779890
0.749642
0.425876
0.902409
0.826511
0.359752
0.488769
0.698099
0.186326
0.861052
0.499576
0.531431
0.559847
0.019728
0.285223
0.557317
0.234843
0.492134
0.484587
0.985221
0.353127
0.164253
0.967841
0.667481
0.729841
0.618894
0.715720
0.314683
0.235215
0.673226
0.325231
0.876022
0.946957
0.061862
0.308548
0.049403
0.023511
0.863795
0.129082
0.840548
0.473082
0.978885
0.512838
0.436738
0.404471
0.098563
0.414942
0.841538
0.663323
0.135907
0.181915
0.002291
0.966526
0.885845
0.891757
0.901121
0.249333
0.883126
0.678778
0.949253
0.200804
0.573686
0.551492
0.278638
0.165719
0.276629
0.923606
0.247121
0.282915
0.205177
0.824564
0.824846
0.974659
0.454535
0.702300
0.999523
0.528177
0.224674
0.432498
0.993966
0.363636
0.201894
0.802014
0.826432
0.772983
0.502844
0.426091
0.536462
0.067132
0.620006
0.017168
0.547768
0.576637
0.583047
0.765599
0.025257
0.220375
0.953551
0.578207
0.413426
0.060828
0.142345
0.198792
0.404293
0.591708
0.922836
0.095434
0.489011
0.408003
0.407556
0.123470
0.690664
0.359862
0.358692
0.681514
0.577066
0.525276
0.670031
0.582886
0.810231
0.103404
0.543957
0.518797
0.230350
0.147082
0.102457
0.535710
0.301478
0.451855
0.428234
0.771395
0.996711
0.697666
0.796765
0.066591
0.283515
0.411441
0.801495
0.406971
0.024389
0.563571
0.314320
0.259013
0.651523
0.723182
0.587347
0.189523
0.552044
0.036659
0.067882
0.039085
0.936557
0.736990
0.648198
0.831942
0.609617
0.079802
0.539392
0.417035
0.646500
0.192669
0.882258
0.055951
0.464091
0.240209
0.678468
0.202625
0.191126
0.987205
0.936259
0.097037
0.958511
0.489488
0.823555
0.451349
0.686566
0.477431
0.557973
0.013307
0.913109
0.504867
0.141001
0.610196
0.033149
0.118173
0.469058
0.009711
0.184151
0.922616
0.886902
0.574912
0.665434
0.268154
0.651434
0.872893
0.809120
0.392560
0.762373
0.645137
0.284421
0.809456
0.109373
0.526942
0.906121
0.841661
0.254972
0.669428
0.699266
0.821050
0.494650
0.666617
0.640878
0.215023
0.137337
0.509108
0.629507
0.922867
0.463568
0.402167
0.626485
0.104259
0.228655
0.318041
0.948646
0.064131
0.272341
0.858641
0.579045
0.096008
0.115395
0.034845
0.386103
0.468147
0.911311
0.712633
0.916613
0.377508
0.774832
0.914735
0.146910
0.165448
0.028604
0.720680
0.259362
0.121461
0.948179
0.890071
0.257161
0.048198
0.000337
0.396103
0.465637
0.439050
0.669745
0.041874
0.698125
0.660974
0.767154
0.124827
0.921591
0.237799
0.574330
0.488999
0.553036
0.006517
0.475796
0.175794
0.291327
0.150084
0.477154
0.557264
0.457982
0.489767
0.539665
0.257840
0.830015
0.808449
0.248935
0.177823
0.621945
0.749502
0.463712
0.502474
0.664160
0.135474
0.193298
0.082164
0.560896
0.534077
0.666736
0.010769
0.151272
0.988814
0.974524
0.510589
0.477033
0.966283
0.578092
0.392611
0.545366
0.456106
0.640700
0.831637
0.906591
0.512056
0.486016
0.047859
0.715311
0.329813
0.440687
0.681883
0.858297
0.718722
0.971208
0.291489
0.589734
0.808654
0.942844
0.978661
0.169449
0.320726
0.272029
0.808601
0.335241
0.270151
0.429320
0.432711
0.217679
0.624252
0.596587
0.340188
0.013953
0.037893
0.661749
0.993387
0.443912
0.176852
0.222212
0.946874
0.611863
0.427483
0.892537
0.995995
0.365594
0.604213
0.204236
0.675351
0.881283
0.996747
0.430483
0.648976
0.889207
0.153390
0.653715
0.961053
0.398664
0.848617
0.160293
0.898091
0.767175
0.920322
0.837649
0.640620
0.603315
0.039200
0.162643
0.635394
0.986680
0.959162
0.805484
0.019010
0.353057
0.628928
0.984724
0.682725
0.726519
0.471958
0.852097
0.038666
0.709628
0.681236
0.170823
0.972595
0.273028
0.059403
0.890161
0.231898
0.249632
0.561120
0.378260
0.873765
0.947221
0.576899
0.723769
0.802721
0.186099
0.214973
0.776124
0.664479
0.662695
0.484858
0.290331
0.880646
0.981232
0.723508
0.452527
0.743223
0.207457
0.708182
0.169264
0.716494
0.932667
0.311128
0.240706
0.285048
0.722730
0.927061
0.043648
0.349043
0.423596
0.167973
0.715073
0.700911
0.137929
0.909723
0.344983
0.061414
0.141321
0.894995
0.105446
0.438151
0.513372
0.967474
0.011379
0.767344
0.589383
0.117731
0.530951
0.372132
0.340922
0.863380
0.145948
0.320067
0.645091
0.831063
0.264707
0.282238
0.857656
0.538124
0.374877
0.620285
0.747341
0.335103
0.706191
0.679843
0.338769
0.830088
0.873576
0.314771
0.538842
0.201453
0.360268
0.561516
0.153315
0.961410
0.354538
0.823426
0.432400
0.569409
0.400189
0.497662
0.090016
0.937746
0.791941
0.410159
0.622624
0.213325
0.326427
0.834926
0.090262
0.166722
0.295758
0.021720
0.522488
0.245166
0.824042
0.690158
0.061539
0.538486
0.342062
0.658710
0.468382
0.020399
0.168333
0.844336
0.886927
0.931542
0.516426
0.114216
0.807831
0.800731
0.431872
0.606810
0.094923
0.608012
0.033737
0.018109
0.160801
0.993766
0.305553
0.213367
0.908742
0.244671
0.560483
0.258808
0.728528
0.337562
0.562153
0.346041
0.555372
0.409636
0.284458
0.019354
0.013057
0.227125
0.062924
0.918248
0.782045
0.139243
0.752083
0.860929
0.206186
0.490233
0.736093
0.355749
0.501426
0.895688
0.724946
0.514511
0.808275
0.311624
0.140709
0.222111
0.366685
0.593190
0.194877
0.300098
0.745385
0.677372
0.070074
0.186723
0.863778
0.568940
0.740824
0.383036
0.367455
0.665438
0.146099
0.014137
0.200616
0.344800
0.610964
0.398227
0.230765
0.143681
0.509218
0.465362
0.871463
0.776716
0.269973
0.325546
0.494657
0.953261
0.518083
0.744950
0.279757
0.721031
0.664029
0.883600
0.095512
0.453182
0.839073
0.402099
0.213708
0.660331
0.125093
0.123972
0.600235
0.380851
0.427718
0.399670
0.286394
0.826245
0.661209
0.354418
0.787019
0.343856
0.682476
0.401936
0.675711
0.232524
0.360997
0.996981
0.552880
0.899798
0.485842
0.200031
0.629419
0.689006
0.778209
0.495826
0.705519
0.103827
0.938618
0.593499
0.236654
0.305533
0.456184
0.929582
0.561271
0.607667
0.340239
0.976977
0.909672
0.214597
0.202204
0.554325
0.041446
0.879247
0.371331
0.343014
0.868200
0.242485
0.328211
0.105821
0.136106
0.878661
0.494317
0.405121
0.673677
0.040931
0.837061
0.323477
0.187333
0.574037
0.303643
0.069620
0.521784
0.754726
0.452390
0.823469
0.433306
0.009982
0.929300
0.540501
0.569050
0.645492
0.465409
0.144802
0.650010
0.251648
0.625630
0.928406
0.042960
0.217790
0.603361
0.519613
0.529152
0.419028
0.361983
0.353023
0.264860
0.300969
0.512082
0.677790
0.638885
0.198986
0.572584
0.177609
0.001098
0.228619
0.989049
0.786055
0.428161
0.676586
0.220084
0.194992
0.750226
0.727243
0.803483
0.442910
0.756100
0.062667
0.980544
0.296344
0.672701
0.376723
0.796555
0.503417
0.854459
0.911189
0.667207
0.397159
0.874430
0.537381
0.967380
0.391544
0.464331
0.717754
0.976209
0.169304
0.666629
0.451925
0.419499
0.472875
0.127456
0.369772
0.259465
0.433664
0.241826
0.825287
0.367680
0.006745
0.258017
0.779133
0.308277
0.904810
0.929519
0.561338
0.886358
0.174417
0.672580
0.169808
0.065787
0.347302
0.824828
0.492682
0.718711
0.688715
0.713807
0.915688
0.777222
0.102636
0.119662
0.878248
0.259315
0.530526
0.967873
0.528055
0.333933
0.376508
0.908260
0.163048
0.773528
0.428930
0.845990
0.377419
0.470566
0.638006
0.587641
0.995546
0.023169
0.804208
0.977212
0.001092
0.034267
0.975465
0.228343
0.780210
0.730801
0.026795
0.442710
0.395677
0.760649
0.278174
0.451993
0.106371
0.733821
0.010267
0.370950
0.522790
0.863299
0.668757
0.419609
0.239203
0.254790
0.352757
0.308725
0.366660
0.271956
0.697988
0.508191
0.484615
0.445874
0.468721
0.084749
0.273867
0.539037
0.431947
0.133016
0.647087
0.252951
0.411763
0.590513
0.978325
0.275008
0.710846
0.959214
0.987955
0.688887
0.379285
0.017395
0.668705
0.470186
0.539514
0.438548
0.061356
0.805707
0.210987
0.609486
0.690885
0.213863
0.781456
0.205997
0.556061
0.011787
0.545814
0.918369
0.994558
0.131210
0.071536
0.375582
0.803606
0.892912
0.685713
0.879111
0.231034
0.324257
0.136797
0.186036
0.926639
0.365010
0.629611
0.765951
0.488333
0.725300
0.520532
0.764298
0.696118
0.811525
0.187305
0.231706
0.010057
0.549409
0.041695
0.998427
0.041962
0.839865
0.560520
0.186658
0.886079
0.967282
0.189869
0.641429
0.819004
0.429058
0.287140
0.230700
0.625997
0.210526
0.055416
0.803633
0.868551
0.534674
0.984692
0.716772
0.730355
0.068478
0.325145
0.933605
0.635589
0.667293
0.900436
0.294132
0.860012
0.139044
0.335681
0.236246
0.602662
0.567214
0.877946
0.956757
0.970627
0.255576
0.169944
0.231602
0.583657
0.860827
0.983875
0.205182
0.827094
0.227627
0.306515
0.819029
0.484222
0.502988
0.703622
0.919343
0.641846
0.405520
0.387371
0.778756
0.480255
0.884956
0.310911
0.935496
0.191307
0.606955
0.256332
0.116524
0.691896
0.718865
0.743833
0.122046
0.656379
0.628463
0.538792
0.036832
0.337672
0.197447
0.078692
0.957108
0.605687
0.905349
0.682662
0.616505
0.041909
0.471609
0.483028
0.224927
0.994426
0.880807
0.561153
0.442627
0.438282
0.188717
0.350491
0.468723
0.786978
0.298241
0.449926
0.577555
0.463312
0.690840
0.172766
0.264353
0.828104
0.940368
0.434309
0.218593
0.765887
0.484948
0.587550
0.212148
0.885338
0.304533
0.076673
0.331047
0.472322
0.765947
0.956610
0.783546
0.364327
0.325691
0.479766
0.350753
0.141223
0.098690
0.774251
0.804664
0.059200
0.536883
0.718668
0.775820
0.118403
0.846496
0.184049
0.410705
0.441672
0.991553
0.982230
0.097198
0.659285
0.571448
0.890511
0.763092
0.415416
0.862925
0.664261
0.053818
0.124755
0.425649
0.792345
0.685485
0.166352
0.882674
0.075383
0.640442
0.276127
0.502827
0.735318
0.645368
0.724856
0.684490
0.408417
0.644979
0.195842
0.226146
0.885229
0.184598
0.122477
0.677685
0.083280
0.746920
0.642798
0.110724
0.355302
0.985383
0.573621
0.291817
0.621839
0.369665
0.714635
0.658361
0.887334
0.247341
0.941751
0.305363
0.758789
0.546909
0.534055
0.717132
0.582261
0.946879
0.860008
0.499826
0.581568
0.036889
0.302226
0.369972
0.903281
0.851807
0.267757
0.065184
0.110462
0.798149
0.469534
0.304065
0.433535
0.872184
0.797411
0.023458
0.879482
0.726656
0.962457
0.656783
0.160321
0.442589
0.399997
0.434210
0.759256
0.246451
0.375007
0.534149
0.379145
0.151565
0.833280
0.299119
0.475090
0.944660
0.784228
0.754210
0.663444
0.760723
0.152830
0.892352
0.016511
0.946574
0.381404
0.880404
0.729591
0.088975
0.144333
0.709265
0.409039
0.137651
0.424146
0.278989
0.441853
0.976689
0.714476
0.348033
0.124575
0.656644
0.109246
0.759742
0.648235
0.689984
0.618142
0.417151
0.743721
0.307736
0.842152
0.340614
0.015718
0.677220
0.541231
0.996284
0.351506
0.669404
0.036147
0.814732
0.542149
0.547675
0.481268
0.268790
0.547411
0.713898
0.012811
0.092044
0.962109
0.506721
0.572069
0.691312
0.881240
0.693577
0.795039
0.738142
0.835360
0.252272
0.984104
0.469129
0.988318
0.899015
0.584892
0.739216
0.709018
0.514062
0.298755
0.165557
0.690633
0.648614
0.500777
0.284797
0.378378
0.000304
0.802569
0.989495
0.854976
0.530665
0.711914
0.278889
0.936377
0.505550
0.476660
0.677279
0.854794
0.486118
0.452793
0.365291
0.997930
0.329068
0.066816
0.913337
0.069365
0.793991
0.526305
0.484349
0.212976
0.954829
0.511409
0.918707
0.972103
0.401224
0.811424
0.366074
0.940787
0.152175
0.177118
0.177285
0.009177
0.324907
0.979836
0.908515
0.748189
0.270524
0.806532
0.266774
0.650326
0.047207
0.095609
0.090454
0.215612
0.521972
0.817071
0.414573
0.705636
0.921936
0.022982
0.923964
0.387412
0.472382
0.607267
0.708479
0.245235
0.616612
0.599583
0.965032
0.086722
0.794608
0.824285
0.857839
0.233262
0.524952
0.345862
0.069419
0.230118
0.576705
0.125678
0.022895
0.293130
0.902181
0.076233
0.406121
0.223664
0.123529
0.828717
0.508359
0.858014
0.199108
0.153431
0.222223
0.499448
0.241858
0.982235
0.051866
0.328685
0.700855
0.284777
0.490663
0.260532
0.457189
0.818789
0.028713
0.760182
0.112233
0.697558
0.366335
0.542221
0.474623
0.249021
0.141420
0.029510
0.174137
0.250417
0.326184
0.768915
0.466748
0.045474
0.065943
0.398468
0.743987
0.538664
0.975374
0.088291
0.448194
0.629718
0.085924
0.878840
0.028102
0.333618
0.764313
0.898382
0.079550
0.924472
0.962225
0.831643
0.815038
0.759567
0.280252
0.148147
0.732576
0.561531
0.157020
0.787757
0.626316
0.456685
0.352401
0.188419
0.544151
0.846662
0.060072
0.564185
0.674556
0.604191
0.940909
0.177660
0.488188
0.274198
0.049369
0.368358
0.398977
0.085274
0.667774
0.305723
0.202686
0.056972
0.059128
0.732320
0.134303
0.263801
0.891709
0.388895
0.423442
0.091258
0.825240
0.799264
0.161524
0.812509
0.429137
0.710747
0.396353
0.011823
0.131553
0.696855
0.987595
0.783415
0.379998
0.335877
0.567080
0.508713
0.189958
0.474879
0.206020
0.643351
0.029677
0.507422
0.179798
0.875310
0.753057
0.359221
0.701424
0.311047
0.467377
0.154235
0.156044
0.836263
0.680274
0.879815
0.278584
0.326886
0.386388
0.979945
0.770174
0.064267
0.456593
0.767123
0.020019
0.162446
0.513212
0.083616
0.189679
0.436247
0.597648
0.379876
0.806147
0.334171
0.250147
0.570548
0.906670
0.002380
0.965758
0.826211
0.468116
0.423975
0.409914
0.151781
0.451027
0.845463
0.768516
0.871015
0.985820
0.329322
0.371084
0.302151
0.546279
0.493506
0.414919
0.184180
0.992245
0.066305
0.589522
0.149298
0.046009
0.315021
0.463539
0.477672
0.600154
0.231463
0.163755
0.899809
0.571583
0.374340
0.613103
0.603690
0.228284
0.791553
0.071112
0.273716
0.761275
0.553375
0.057889
0.741888
0.671570
0.215230
0.766679
0.114857
0.436358
0.356609
0.558682
0.390530
0.133586
0.086549
0.068579
0.072155
0.791492
0.707700
0.264594
0.994615
0.319244
0.247457
0.640741
0.005653
0.924749
0.218920
0.661881
0.693426
0.971943
0.204868
0.928310
0.561185
0.636864
0.868770
0.022963
0.850622
0.431729
0.007720
0.101016
0.178840
0.449826
0.758454
0.382142
0.741895
0.889681
0.050292
0.416280
0.652940
0.221660
0.634491
0.374147
0.018400
0.018588
0.290384
0.426525
0.245018
0.567282
0.162624
0.237375
0.338553
0.571157
0.184356
0.624108
0.266332
0.534533
0.517237
0.905843
0.866478
0.354329
0.235810
0.442475
0.992740
0.630061
0.710890
0.392130
0.172290
0.711951
0.430635
0.013607
0.752301
0.341404
0.230164
0.598187
0.437556
0.277917
0.988386
0.719494
0.034741
0.759704
0.966851
0.281714
0.768711
0.298018
0.798431
0.369343
0.511998
0.771702
0.137642
0.152855
0.851851
0.261144
0.629032
0.784406
0.930298
0.560175
0.870806
0.979295
0.144247
0.929095
0.698507
0.678758
0.936802
0.828742
0.404965
0.137423
0.291084
0.109145
0.479831
0.987073
0.037629
0.249976
0.392910
0.263013
0.480355
0.674646
0.673534
0.209361
0.049083
0.125006
0.632505
0.526992
0.004486
0.406330
0.128454
0.917836
0.600249
0.138306
0.657102
0.590135
0.384196
0.200606
0.115905
0.302548
0.472614
0.393132
0.009447
0.475133
0.028255
0.071026
0.770027
0.520079
0.821173
0.621063
0.695950
0.435290
0.552213
0.155234
0.695570
0.653558
0.611547
0.573372
0.272280
0.396162
0.559853
0.632096
0.714096
0.292464
0.928876
0.122457
0.246573
0.699801
0.903005
0.052328
0.470546
0.097103
0.166844
0.528310
0.003194
0.690796
0.178560
0.090835
0.154353
0.225350
0.488932
0.658030
0.247795
0.149165
0.495905
0.140109
0.902767
0.168215
0.369084
0.685623
0.053534
0.697203
0.353681
0.481403
0.548767
0.365937
0.465212
0.944851
0.948691
0.085691
0.801675
0.994037
0.251921
0.957822
0.556541
0.159656
0.127469
0.699495
0.931823
0.493091
0.207791
0.156664
0.784568
0.234670
0.788677
0.713343
0.141713
0.821840
0.069933
0.032602
0.977446
0.152608
0.811044
0.075682
0.544640
0.767698
0.938293
0.941398
0.408903
0.295825
0.459301
0.901818
0.362188
0.719059
0.768757
0.438632
0.945339
0.686095
0.581750
0.917119
0.128460
0.735299
0.840863
0.283931
0.168530
0.219660
0.807890
0.306874
0.059509
0.363360
0.484121
0.058373
0.726416
0.963876
0.583790
0.701485
0.997187
0.101680
0.608165
0.993330
0.860729
0.977258
0.493219
0.053966
0.923518
0.885916
0.707890
0.840518
0.787770
0.916531
0.204182
0.851325
0.159903
0.350736
0.921978
0.000670
0.367409
0.902254
0.553337
0.442195
0.014844
0.908135
0.411701
0.672235
0.285451
0.728865
0.734862
0.260172
0.824562
0.875092
0.796586
0.481668
0.795778
0.525521
0.295736
0.375621
0.042790
0.982005
0.634531
0.913336
0.921226
0.400812
0.655939
0.118300
0.279180
0.598255
0.966181
0.869769
0.895935
0.437501
0.169987
0.478957
0.960187
0.922357
0.756839
0.861904
0.546970
0.642639
0.325267
0.620127
0.591948
0.201548
0.663922
0.654199
0.259276
0.103967
0.533030
0.104688
0.441603
0.769305
0.933957
0.670908
0.145579
0.655218
0.109479
0.385295
0.821645
0.319134
0.390314
0.107524
0.051640
0.810999
0.467245
0.688631
0.061324
0.369164
0.411377
0.485338
0.067308
0.596142
0.241647
0.675482
0.679781
0.314393
0.518565
0.337244
0.285078
0.164948
0.061486
0.160986
0.237505
0.812117
0.694589
0.819393
0.650459
0.782491
0.940720
0.738939
0.835867
0.500943
0.834574
0.305958
0.882174
0.823179
0.815217
0.369891
0.258909
0.214904
0.796129
0.443252
0.605310
0.930992
0.577900
0.864825
0.307216
0.921587
0.359201
0.714618
0.036807
0.381364
0.075916
0.724526
0.960624
0.586839
0.032492
0.298951
0.790188
0.986393
0.925110
0.979337
0.624682
0.048453
0.050488
0.893423
0.625272
0.593117
0.669892
0.514787
0.865179
0.767413
0.093572
0.214918
0.258606
0.338802
0.770709
0.865688
0.715753
0.017632
0.233479
0.094869
0.671658
0.347742
0.136690
0.614571
0.855458
0.673769
0.357272
0.438672
0.706364
0.480791
0.437613
0.339953
0.696388
0.261570
0.855289
0.833487
0.121390
0.081883
0.227219
0.525693
0.695816
0.346342
0.671955
0.257240
0.697516
0.405035
0.988977
0.964818
0.013017
0.652518
0.913097
0.166809
0.426852
0.550851
0.575775
0.969474
0.967817
0.530934
0.079381
0.224803
0.298112
0.293278
0.156595
0.133266
0.626108
0.520302
0.652696
0.062090
0.698981
0.135416
0.706104
0.483034
0.236973
0.785503
0.200799
0.767118
0.996630
0.297390
0.277170
0.604226
0.176698
0.157708
0.385279
0.243310
0.428750
0.109840
0.781675
0.727302
0.516926
0.349961
0.258831
0.182242
0.039983
0.463322
0.771618
0.822215
0.327307
0.676757
0.020102
0.162999
0.032442
0.546933
0.760301
0.463804
0.347449
0.267249
0.957823
0.307083
0.564037
0.098715
0.952558
0.603020
0.718637
0.329150
0.660676
0.993400
0.724621
0.785917
0.863282
0.407234
0.052684
0.493972
0.695311
0.369323
0.147512
0.134953
0.195141
0.017421
0.233456
0.654173
0.862172
0.781528
0.472709
0.638871
0.519214
0.410855
0.996029
0.988888
0.827257
0.794225
0.668209
0.284456
0.756378
0.555021
0.509082
0.067326
0.397657
0.162621
0.037069
0.761551
0.192628
0.691751
0.898071
0.017511
0.959714
0.985878
0.590432
0.043968
0.778126
0.900188
0.889867
0.752980
0.630846
0.276549
0.350509
0.864353
0.757607
0.052973
0.533972
0.161128
0.489575
0.352392
0.062545
0.844639
0.258884
0.902154
0.261090
0.974323
0.843016
0.781684
0.741108
0.689209
0.326548
0.309597
0.376724
0.768503
0.867064
0.094582
0.453545
0.899681
0.029552
0.571293
0.455670
0.163889
0.111738
0.110782
0.752270
0.928195
0.694217
0.375734
0.002661
0.838549
0.302624
0.527677
0.207570
0.550374
0.018321
0.183625
0.175090
0.407946
0.589082
0.363397
0.563910
0.509626
0.807251
0.719525
0.325660
0.572248
0.890857
0.955575
0.145249
0.161200
0.339834
0.825551
0.615960
0.188020
0.276959
0.479363
0.268688
0.927437
0.919277
0.143139
0.976405
0.082109
0.374171
0.367183
0.590788
0.864902
0.993792
0.960881
0.243602
0.492853
0.647239
0.587875
0.507188
0.539602
0.341788
0.094826
0.393157
0.997437
0.018802
0.474372
0.953718
0.708228
0.208147
0.852161
0.404086
0.664052
0.704331
0.676698
0.215947
0.011407
0.950941
0.970035
0.440399
0.953687
0.325844
0.861071
0.644191
0.999163
0.712042
0.918345
0.716106
0.588729
0.337844
0.976035
0.492253
0.329331
0.860435
0.108640
0.621795
0.204210
0.549971
0.263047
0.450745
0.906406
0.473660
0.360838
0.434109
0.102409
0.063018
0.701594
0.829599
0.061322
0.920617
0.445312
0.203844
0.842642
0.248486
0.247886
0.759434
0.611902
0.688134
0.639939
0.224081
0.715481
0.496560
0.051367
0.227719
0.789266
0.953981
0.020042
0.816650
0.374239
0.333358
0.814709
0.243237
0.567181
0.050671
0.633722
0.043406
0.026481
0.165553
0.600675
0.931097
0.889407
0.887208
0.805885
0.348214
0.624423
0.348916
0.683169
0.900649
0.654306
0.600050
0.561380
0.066185
0.435479
0.497088
0.489990
0.799864
0.086511
0.189916
0.560916
0.198642
0.222841
0.947835
0.291242
0.572361
0.302205
0.667654
0.003068
0.845440
0.020868
0.086280
0.050078
0.566986
0.457560
0.280257
0.661458
0.210691
0.151192
0.788092
0.771349
0.314931
0.859164
0.717183
0.598269
0.153600
0.692813
0.590316
0.758989
0.485649
0.810743
0.807536
0.123604
0.843046
0.093127
0.323527
0.424347
0.260360
0.772269
0.110210
0.254724
0.192676
0.986663
0.846201
0.675428
0.120750
0.615539
0.971998
0.270061
0.402745
0.574490
0.210685
0.460911
0.840473
0.374572
0.082740
0.949949
0.115533
0.109593
0.059857
0.743032
0.288394
0.909668
0.291942
0.749346
0.403152
0.132181
0.304581
0.029846
0.505012
0.330766
0.467918
0.457379
0.049663
0.103761
0.164222
0.610097
0.397315
0.858685
0.478317
0.864381
0.363880
0.999932
0.466052
0.802852
0.312355
0.042155
0.950053
0.579154
0.064869
0.239270
0.694013
0.859268
0.696110
0.894011
0.326957
0.417491
0.619087
0.049266
0.653350
0.635282
0.021751
0.561685
0.885106
0.717602
0.776262
0.000199
0.774814
0.791743
0.180211
0.605170
0.788614
0.528865
0.950528
0.973929
0.020628
0.072416
0.565997
0.819834
0.972799
0.867429
0.523983
0.277000
0.074129
0.160507
0.162484
0.812027
0.626940
0.135492
0.111790
0.956067
0.995982
0.720792
0.033445
0.212135
0.315513
0.360659
0.321044
0.628534
0.812076
0.497133
0.761381
0.492785
0.324575
0.127607
0.560104
0.302445
0.561707
0.754109
0.538260
0.849111
0.649113
0.946346
0.010711
0.727030
0.179362
0.926682
0.810526
0.493557
0.147508
0.329687
0.962144
0.788963
0.209408
0.073261
0.607826
0.019405
0.780869
0.037108
0.324827
0.349245
0.760205
0.615238
0.943662
0.195253
0.527847
0.783016
0.290218
0.701784
0.292646
0.889996
0.966210
0.666894
0.519626
0.204485
0.784471
0.527115
0.807855
0.244592
0.858865
0.563604
0.175173
0.036857
0.575264
0.813326
0.749748
0.753766
0.842585
0.932550
0.633377
0.255181
0.634385
0.721166
0.470373
0.158626
0.015906
0.258073
0.576624
0.405265
0.633040
0.781411
0.419464
0.291279
0.183532
0.061851
0.619396
0.470205
0.252544
0.129975
0.314316
0.075921
0.270709
0.725448
0.795872
0.396564
0.329942
0.709861
0.422109
0.178289
0.398110
0.228509
0.322096
0.838944
0.726304
0.498959
0.744006
0.513117
0.200767
0.453901
0.731136
0.772525
0.204822
0.858799
0.328852
0.113159
0.514608
0.075297
0.683747
0.370201
0.536513
0.041774
0.164003
0.313552
0.125457
0.813284
0.242412
0.944275
0.513248
0.742967
0.091806
0.811720
0.877892
0.022761
0.163239
0.812236
0.540999
0.337607
0.982478
0.925734
0.075141
0.157454
0.808043
0.661971
0.010578
0.106310
0.957588
0.292973
0.766240
0.646604
0.608019
0.363827
0.698852
0.317636
0.803114
0.326143
0.212966
0.114400
0.620819
0.205262
0.040287
0.511136
0.836976
0.975138
0.556583
0.674500
0.614376
0.208395
0.226881
0.703948
0.403202
0.730928
0.463265
0.239956
0.283738
0.531581
0.743920
0.530111
0.853358
0.351619
0.317045
0.403155
0.661222
0.953217
0.129680
0.514188
0.345589
0.491002
0.350476
0.460882
0.515594
0.089289
0.459110
0.779382
0.042599
0.266374
0.955708
0.586355
0.552534
0.305762
0.294688
0.495231
0.322133
0.815088
0.302468
0.983101
0.526555
0.252709
0.622045
0.281112
0.426988
0.058260
0.304488
0.094821
0.953594
0.569177
0.593663
0.599139
0.576313
0.215232
0.922196
0.590850
0.973872
0.586075
0.740790
0.893695
0.935937
0.093854
0.767038
0.898626
0.056214
0.788963
0.681967
0.864712
0.002674
0.819326
0.981581
0.512561
0.657886
0.393437
0.255891
0.797946
0.896069
0.458305
0.409586
0.172968
0.658068
0.632860
0.437077
0.317885
0.770726
0.945162
0.141533
0.279222
0.368490
0.261539
0.354640
0.277538
0.063364
0.823726
0.623612
0.578070
0.191312
0.335981
0.227716
0.754275
0.570992
0.580553
0.652003
0.251018
0.542196
0.552716
0.055433
0.281973
0.420008
0.764679
0.739263
0.014003
0.485642
0.293225
0.455027
0.517149
0.830837
0.664057
0.535994
0.738022
0.639965
0.054831
0.128600
0.510365
0.208615
0.040265
0.218427
0.401199
0.300939
0.130999
0.057178
0.634089
0.497736
0.310825
0.011421
0.890729
0.405958
0.245285
0.670146
0.004317
0.926467
0.612367
0.306358
0.287442
0.914664
0.340276
0.918819
0.925653
0.237653
0.378113
0.154732
0.786201
0.417367
0.876139
0.394774
0.488174
0.252431
0.419561
0.270770
0.332122
0.299158
0.803031
0.376792
0.949290
0.146164
0.014982
0.060194
0.385619
0.585477
0.837366
0.964624
0.944934
0.129218
0.176244
0.607294
0.968518
0.674008
0.794077
0.263492
0.891815
0.320004
0.090727
0.998753
0.289004
0.518113
0.505279
0.920123
0.166093
0.473618
0.716489
0.840217
0.794915
0.468619
0.290334
0.179305
0.773701
0.886675
0.646557
0.330378
0.462912
0.903638
0.033148
0.029349
0.263714
0.237402
0.652183
0.797400
0.495311
0.980173
0.669562
0.935506
0.578488
0.339781
0.765058
0.173778
0.366861
0.326652
0.291065
0.122320
0.382993
0.791507
0.364957
0.488285
0.340519
0.262104
0.130597
0.359038
0.170581
0.277748
0.501977
0.087426
0.154289
0.175547
0.412049
0.726621
0.103611
0.856195
0.601450
0.963894
0.570421
0.028274
0.417108
0.900581
0.114718
0.893576
0.774854
0.265764
0.873812
0.552072
0.151465
0.070753
0.268139
0.449823
0.191441
0.787737
0.208176
0.607978
0.676916
0.737300
0.760400
0.813288
0.353033
0.004529
0.846574
0.343082
0.516756
0.271644
0.225804
0.578881
0.658370
0.996516
0.107157
0.236952
0.538904
0.311700
0.204542
0.130731
0.343579
0.439075
0.645461
0.864598
0.374533
0.772690
0.729863
0.641963
0.741793
0.679551
0.281387
0.219542
0.739546
0.497974
0.995655
0.736376
0.817645
0.809621
0.351962
0.738358
0.992054
0.348768
0.976894
0.770324
0.101286
0.555821
0.820274
0.747176
0.881093
0.837265
0.692813
0.287792
0.471805
0.757317
0.016464
0.911007
0.720123
0.244598
0.526275
0.577671
0.721342
0.177534
0.938410
0.408304
0.153438
0.533244
0.642709
0.419426
0.468897
0.405040
0.497761
0.976081
0.274430
0.262884
0.088125
0.041858
0.786789
0.639127
0.961228
0.674966
0.101701
0.149404
0.588061
0.039370
0.852895
0.226825
0.107546
0.208944
0.322386
0.868620
0.418005
0.491129
0.048259
0.920605
0.297285
0.901139
0.771557
0.199488
0.970667
0.810749
0.182357
0.959840
0.735687
0.974830
0.332457
0.625981
0.806642
0.917575
0.947237
0.244122
0.697969
0.618013
0.814343
0.072445
0.042377
0.165407
0.276963
0.062805
0.382050
0.420150
0.893050
0.534205
0.902974
0.090452
0.020226
0.072722
0.355390
0.161370
0.383976
0.983327
0.147275
0.447526
0.221685
0.474767
0.270668
0.607224
0.957968
0.078856
0.858780
0.192022
0.351553
0.630122
0.639262
0.916205
0.907708
0.891535
0.788337
0.034852
0.023118
0.678136
0.972018
0.502585
0.725475
0.064899
0.033195
0.948581
0.094361
0.070475
0.523530
0.713749
0.062757
0.577819
0.341863
0.535178
0.562506
0.319885
0.209200
0.479014
0.107999
0.547976
0.745378
0.479303
0.329298
0.676990
0.003545
0.166065
0.540835
0.321425
0.532952
0.405736
0.739985
0.894825
0.273801
0.241471
0.999496
0.430289
0.813611
0.335596
0.780448
0.718332
0.054556
0.973344
0.432615
0.868826
0.035307
0.593156
0.954584
0.244858
0.227214
0.337065
0.797524
0.537507
0.869133
0.453587
0.158036
0.841709
0.932307
0.489092
0.314160
0.635403
0.808650
0.041659
0.314513
0.878119
0.313204
0.659230
0.887042
0.243099
0.682957
0.992425
0.147430
0.131537
0.866514
0.078333
0.367353
0.331525
0.037029
0.167123
0.222262
0.361898
0.257493
0.606257
0.042968
0.956490
0.993981
0.281028
0.313974
0.212611
0.448010
0.054007
0.116348
0.454390
0.781292
0.644686
0.229058
0.293276
0.380158
0.804337
0.958541
0.041457
0.576657
0.345962
0.443193
0.026669
0.260332
0.226704
0.612089
0.337079
0.709025
0.107552
0.303191
0.601353
0.696608
0.555284
0.356495
0.981173
0.536506
0.743079
0.085882
0.161266
0.556536
0.352905
0.146910
0.696187
0.515214
0.604637
0.906755
0.184989
0.432929
0.419072
0.390101
0.856296
0.071755
0.665593
0.327629
0.859860
0.032026
0.016865
0.831262
0.869468
0.896930
0.914728
0.525334
0.139966
0.631387
0.591364
0.291087
0.452510
0.189387
0.551229
0.052296
0.092020
0.994162
0.731320
0.614593
0.184882
0.195308
0.064800
0.545159
0.079466
0.771849
0.986180
0.471480
0.563936
0.113872
0.661126
0.218981
0.312659
0.479450
0.292152
0.582410
0.152465
0.068106
0.650155
0.622264
0.301784
0.584923
0.183853
0.536398
0.308803
0.376872
0.353128
0.922008
0.789197
0.119075
0.672185
0.611560
0.420411
0.806124
0.804035
0.938185
0.809170
0.482587
0.654444
0.914825
0.523800
0.826195
0.022129
0.253465
0.625564
0.803571
0.989252
0.715747
0.686785
0.156764
0.914368
0.986725
0.431721
0.282099
0.916765
0.065392
0.553505
0.042281
0.930133
0.237824
0.861950
0.447408
0.333709
0.663345
0.008276
0.768013
0.435296
0.786311
0.560211
0.148950
0.543156
0.464207
0.001301
0.900502
0.398672
0.358178
0.279201
0.404271
0.490528
0.699501
0.197376
0.616125
0.391154
0.662489
0.241782
0.934663
0.170199
0.831759
0.258185
0.267550
0.086253
0.443618
0.786776
0.333817
0.841152
0.454593
0.249420
0.030296
0.420548
0.995073
0.642395
0.335208
0.925494
0.305924
0.875879
0.070213
0.323478
0.937289
0.523166
0.570692
0.980247
0.371050
0.990869
0.177599
0.458180
0.574489
0.129941
0.545814
0.930675
0.518116
0.100642
0.224793
0.728502
0.814655
0.047681
0.296584
0.832514
0.230580
0.390257
0.121466
0.402102
0.461840
0.481934
0.337962
0.790814
0.779596
0.134197
0.165475
0.575479
0.671501
0.252519
0.066100
0.304723
0.613829
0.223195
0.817006
0.364023
0.497231
0.971675
0.734337
0.230370
0.834990
0.938177
0.959905
0.638657
0.751205
0.874005
0.487247
0.758121
0.374510
0.032859
0.656420
0.350350
0.850869
0.336806
0.707530
0.285839
0.890033
0.648490
0.250276
0.484776
0.930810
0.731936
0.107289
0.836360
0.460022
0.577342
0.427823
0.471609
0.261492
0.884154
0.578256
0.715264
0.870575
0.916022
0.508192
0.436424
0.935432
0.075900
0.804776
0.434126
0.660604
0.205298
0.800722
0.027902
0.856638
0.234773
0.038878
0.534758
0.119886
0.740071
0.341594
0.679010
0.300529
0.667515
0.238512
0.841597
0.119038
0.851277
0.701463
0.068059
0.699295
0.463089
0.978026
0.842195
0.991278
0.610927
0.842035
0.234010
0.851565
0.477465
0.154259
0.349911
0.682956
0.592148
0.191900
0.270139
0.455466
0.634057
0.532070
0.338234
0.043088
0.028000
0.210574
0.771136
0.720603
0.126245
0.599941
0.852775
0.431759
0.956030
0.714588
0.240940
0.827169
0.992235
0.039255
0.204815
0.793045
0.709902
0.150583
0.482100
0.169353
0.447542
0.350141
0.229399
0.960187
0.425135
0.817771
0.582167
0.645413
0.306674
0.822257
0.251311
0.239061
0.062895
0.765737
0.488603
0.738206
0.803121
0.090668
0.543889
0.250582
0.823919
0.723448
0.320922
0.767684
0.125550
0.974955
0.488454
0.603463
0.724108
0.951476
0.507241
0.490798
0.028161
0.163977
0.346265
0.215860
0.533957
0.351800
0.552173
0.174456
0.944417
0.579194
0.540235
0.007717
0.245917
0.518218
0.743943
0.373612
0.135921
0.926223
0.610264
0.245231
0.726946
0.665256
0.390843
0.909278
0.542011
0.027323
0.553892
0.034651
0.237921
0.534603
0.240634
0.960174
0.160648
0.016727
0.093066
0.334697
0.057244
0.445487
0.581199
0.756954
0.987501
0.376289
0.518178
0.385234
0.532894
0.629045
0.146760
0.099355
0.767644
0.090639
0.152130
0.634358
0.505341
0.866594
0.361176
0.804354
0.073087
0.909062
0.150036
0.086923
0.193135
0.237889
0.638328
0.237321
0.509383
0.815577
0.304262
0.494562
0.313686
0.477790
0.429309
0.278387
0.175867
0.329185
0.759864
0.960615
0.423615
0.038433
0.457136
0.432663
0.856595
0.183031
0.062100
0.342920
0.206262
0.458844
0.111910
0.305664
0.802865
0.264219
0.755502
0.303243
0.708331
0.055113
0.292825
0.334224
0.383218
0.435293
0.833154
0.974231
0.333316
0.261573
0.078170
0.488384
0.323133
0.003869
0.695112
0.993030
0.736271
0.177124
0.480432
0.641180
0.734129
0.158723
0.916562
0.085339
0.632659
0.000662
0.200825
0.440975
0.640834
0.648570
0.049107
0.474454
0.933399
0.075760
0.736086
0.814874
0.254552
0.344105
0.882726
0.136948
0.548940
0.207093
0.410042
0.682022
0.813208
0.094318
0.081273
0.329934
0.667059
0.759752
0.903503
0.061967
0.410057
0.464896
0.870971
0.874446
0.302285
0.807469
0.638191
0.526012
0.867330
